5.295533265040591
5.256958692691319
5.292621411318049
5.326205876989489
5.298167225286791
5.401002222841505
5.378338240528936
5.409139905850983
5.451827192785245
5.458983283221182
5.536811299800535
5.546400239981167
5.509841977266453
5.5476005344226
5.598196729872322
5.606848147218155
5.571645753014921
5.597796808561254
5.583230253597328
5.574279420465748
5.511488946888763
4.789432025110979
4.692444625527379
4.037398285224264
3.8377349083139056
3.768489426958072
3.753743365027501
3.824976679273454
3.663909246894508
3.7939194428831144
3.7600437452674944
3.8801584576274393
3.8777644009701366
3.9601151001436374
4.073477931177276
4.141617826881021
4.338086410775483
4.325983580851293
4.592141058991703
4.658461714399443
4.726262428487721
4.906329594693943
5.180951410053913
5.325701737989589
5.440877989025016
5.582111479301691
5.657827410960735
5.761651880176691
5.823864078099885
5.864034202808218
5.924511751836338
5.914271218409601
6.074949939894133
6.071361921010039
6.124003187043766
6.069987104011758
6.150014664839749
6.07142661553132
6.056480073731534
6.043133450114117
5.9412141111120444
5.874312892934519
5.775830703670945
5.732587451978024
5.610473106102059
5.549621765499883
5.343513967385904
5.2591833234411
4.976732763827555
4.977338100070294
4.632556339828427
4.670194506976985
4.564124937204347
4.79756110375142
4.583640008841228
4.6905686941903415
4.715749464964665
4.872176995535264
4.98339623422103
4.979231414190695
5.0781989719485825
5.154322915725045
5.206066706313572
5.284814159023121
5.3930307611679735
5.3959525686360985
5.462136258106088
5.420246562571031
5.433610947431457
5.4937621604550255
5.56674233079867
5.567049744921146
5.578096878960755
5.636855003232416
5.673321284983135
5.706579494680085
