8.903764332278566
8.903744616339813
8.905042604725303
8.905856357289457
8.907241739773411
8.907803203717403
8.912754078399042
8.912317887430802
8.91604229826582
8.914331596887846
8.91538085549448
8.913248924602907
8.912620161537722
8.911458958684188
8.911904481642571
8.911701296011353
8.910034502433144
8.910218076517552
8.738103407936075
8.623193759045611
8.524706708370443
8.453891013999566
8.412314419774624
8.28964139180578
8.270023827976193
8.25076244542506
8.247249198046811
8.243986199736188
8.26865903948776
8.292858655527805
8.321179328084945
8.359306789937866
8.400715786375304
8.446061969408742
8.481877431616235
8.534636777818658
8.57938231826669
8.630157888420626
8.678149650945127
8.726881800565263
8.773447195372931
8.814429642931456
8.856130889148695
8.88897508885464
8.898795415592243
8.91356888840664
8.92094849623128
8.92573517564567
8.921181622131131
8.921928888905152
8.912940662554169
8.898290902720964
8.884451048155409
8.868861434846256
8.83564930904625
8.812053732618256
8.776360714650373
8.74149969701551
8.702206173952831
8.668819851409015
8.630344744349637
8.59344575497072
8.555458363312193
8.52538542500407
8.49138335214899
8.459819752970734
8.428581303706142
8.408539206273618
8.387967291789392
8.368448352482519
8.379560386448444
8.385986426748456
8.41453853717116
8.43360817465561
8.547872324180384
8.614121284359708
8.64775137786301
8.75644040756661
8.830650952451071
8.855452836984947
8.876540610146053
8.922305468419976
8.932234169818809
8.93280642727852
8.932975241245051
8.933848971052829
8.932571583097722
8.932044460398174
8.930363228725962
8.929732084590684
8.928197197352054
8.928767621250788
8.930160651297163
8.931174988316641
8.932703241913641
8.932668638947119
