0.0 0.12020502984523773
0.0 0.1223410815000534
0.0 0.12235910445451736
0.0 0.12235910445451736
0.0 0.12296780198812485
0.0 0.12299593538045883
0.0 0.1230381652712822
0.0 0.12316695600748062
0.0 0.12337876856327057
0.0 0.12372656166553497
0.0 0.12380977720022202
0.0 0.12391839921474457
0.0 0.12443917989730835
0.0 0.12469615042209625
0.0 0.12490295618772507
0.0 0.1252005249261856
0.0 0.12535102665424347
0.0 0.12555257976055145
0.0 0.12567521631717682
0.0 0.12584267556667328
0.0 0.12584267556667328
0.0 0.1259094476699829
0.0 0.12605610489845276
0.0 0.12613092362880707
0.0 0.12637662887573242
0.0 0.12664473056793213
0.0 0.1266796737909317
0.0 0.12674880027770996
0.0 0.12678706645965576
0.0 0.1268773376941681
0.0 0.1268998384475708
0.0 0.1269468367099762
0.0 0.12695251405239105
0.0 0.12696747481822968
0.0 0.12701630592346191
0.0 0.12708811461925507
0.0 0.12712812423706055
0.0 0.12730954587459564
0.0 0.12733522057533264
0.0 0.12749160826206207
0.0 0.12750054895877838
0.0 0.12750709056854248
0.0 0.12754614651203156
0.0 0.127549946308136
0.0 0.12759114801883698
0.0 0.12762171030044556
0.0 0.1276720017194748
0.0 0.12770666182041168
0.0 0.12773284316062927
0.0 0.1279383897781372
0.0 0.12796828150749207
0.0 0.1281183362007141
0.0 0.12821383774280548
0.0 0.12833647429943085
0.0 0.12856052815914154
0.0 0.12890027463436127
0.0 0.12896324694156647
0.0 0.12918560206890106
0.0 0.12931913137435913
0.0 0.12951096892356873
0.0 0.12954868376255035
0.0 0.1297268271446228
0.0 0.1298513412475586
0.0 0.12991897761821747
0.0 0.1299356371164322
0.0 0.13001877069473267
0.0 0.13002096116542816
0.0 0.13007894158363342
0.0 0.1301094889640808
0.0 0.13011591136455536
0.0 0.13018383085727692
0.0 0.13032765686511993
0.0 0.1303965151309967
0.0 0.13046413660049438
0.0 0.13046793639659882
0.0 0.13055309653282166
0.0 0.1305832713842392
0.0 0.13062652945518494
0.0 0.13074754178524017
0.0 0.1307505965232849
0.0 0.1307784765958786
0.0 0.13085220754146576
0.0 0.1308649331331253
0.0 0.13091589510440826
0.0 0.1309196650981903
0.0 0.13097743690013885
0.0 0.13098160922527313
0.0 0.13102273643016815
0.0 0.1310824602842331
0.0 0.13110420107841492
0.0 0.13111425936222076
0.0 0.13112127780914307
0.0 0.13112162053585052
0.0 0.13112898170948029
0.0 0.13114312291145325
0.0 0.1311929076910019
0.0 0.13119928538799286
0.0 0.13119928538799286
0.0 0.13130830228328705
0.0 0.1313496083021164
0.0 0.13136076927185059
0.0 0.13136468827724457
0.0 0.13139326870441437
0.0 0.13144534826278687
0.0 0.13148429989814758
0.0 0.13151505589485168
0.0 0.1315862536430359
0.0 0.13174426555633545
0.0 0.13184896111488342
0.0 0.1319839358329773
0.0 0.1320054531097412
0.0 0.1320054531097412
0.0 0.13200734555721283
0.0 0.1320507526397705
0.0 0.13214004039764404
0.0 0.13214004039764404
0.0 0.1321779191493988
0.0 0.13220344483852386
0.0 0.13225097954273224
0.0 0.1322532445192337
0.0 0.13228212296962738
0.0 0.13229119777679443
0.0 0.1323876827955246
0.0 0.13242295384407043
0.0 0.1324862688779831
0.0 0.1326054334640503
0.0 0.1326286941766739
0.0 0.13268059492111206
0.0 0.13274705410003662
0.0 0.1327771097421646
0.0 0.13285695016384125
0.0 0.1329226791858673
0.0 0.13292600214481354
0.0 0.13301146030426025
0.0 0.13303142786026
0.0 0.13303540647029877
0.0 0.13310763239860535
0.0 0.13310763239860535
0.0 0.13317056000232697
0.0 0.1331721842288971
0.0 0.13317705690860748
0.0 0.13333168625831604
0.0 0.13334575295448303
0.0 0.133427694439888
0.0 0.13346707820892334
0.0 0.1334802210330963
0.0 0.1335052102804184
0.0 0.13352183997631073
0.0 0.13361287117004395
0.0 0.13368575274944305
0.0 0.13369543850421906
0.0 0.1337198168039322
0.0 0.1337251365184784
0.0 0.1337251365184784
0.0 0.1337360143661499
0.0 0.1337442696094513
0.0 0.13374446332454681
0.0 0.13375534117221832
0.0 0.133780375123024
0.0 0.133780375123024
0.0 0.13379237055778503
0.0 0.13379372656345367
0.0 0.1337948739528656
0.0 0.13381749391555786
0.0 0.1338571310043335
0.0 0.13386023044586182
0.0 0.13391661643981934
0.0 0.13392747938632965
0.0 0.13393338024616241
0.0 0.1339520812034607
0.0 0.13396398723125458
0.0 0.1339670866727829
0.0 0.1339738816022873
0.0 0.1340048909187317
0.0 0.13400799036026
0.0 0.13403257727622986
0.0 0.13403283059597015
0.0 0.1340578943490982
0.0 0.13409633934497833
0.0 0.13409891724586487
0.0 0.13415096700191498
0.0 0.13415901362895966
0.0 0.13422782719135284
0.0 0.13429273664951324
0.0 0.1343047320842743
0.0 0.1343047320842743
0.0 0.13435505330562592
0.0 0.13442310690879822
0.0 0.13448962569236755
0.0 0.13449081778526306
0.0 0.13449253141880035
0.0 0.13459676504135132
0.0 0.13461118936538696
0.0 0.1346629559993744
0.0 0.1346716433763504
0.0 0.13467846810817719
0.0 0.13473062217235565
0.0 0.1347336620092392
0.0 0.1347483992576599
0.0 0.13478077948093414
0.0 0.1347932070493698
0.0 0.13479848206043243
0.0 0.1348147988319397
0.0 0.13483215868473053
0.0 0.13486003875732422
0.0 0.13486263155937195
0.0 0.1348762810230255
0.0 0.13487964868545532
0.0 0.13496510684490204
0.0 0.13496904075145721
0.0 0.13497696816921234
0.0 0.13497833907604218
0.0 0.1350039541721344
0.0 0.13501232862472534
0.0 0.13501234352588654
0.0 0.1350160390138626
0.0 0.1350312978029251
0.0 0.13504736125469208
0.0 0.1351175457239151
0.0 0.1351439654827118
0.0 0.13518361747264862
0.0 0.13524164259433746
0.0 0.13525879383087158
0.0 0.1353331059217453
0.0 0.1353684663772583
0.0 0.13538390398025513
0.0 0.13538697361946106
0.0 0.13545693457126617
0.0 0.1354847252368927
0.0 0.13548482954502106
0.0 0.13548777997493744
0.0 0.13548777997493744
0.0 0.1354909986257553
0.0 0.13551446795463562
0.0 0.13552306592464447
0.0 0.13554686307907104
0.0 0.13554981350898743
0.0 0.13555176556110382
0.0 0.13555286824703217
0.0 0.13557186722755432
0.0 0.13557347655296326
0.0 0.13570000231266022
0.0 0.13574373722076416
0.0 0.13577955961227417
0.0 0.13582856953144073
0.0 0.13589592278003693
0.0 0.13606050610542297
0.0 0.13607428967952728
0.0 0.13607703149318695
0.0 0.13608163595199585
0.0 0.1361837089061737
0.0 0.13618381321430206
0.0 0.1362101286649704
0.0 0.13621985912322998
0.0 0.13624800741672516
0.0 0.13627076148986816
0.0 0.13627751171588898
0.0 0.1362818330526352
0.0 0.1362825334072113
0.0 0.1362876445055008
0.0 0.1363241821527481
0.0 0.13632912933826447
0.0 0.13640908896923065
0.0 0.13640908896923065
0.0 0.1364099383354187
0.0 0.13642741739749908
0.0 0.13642741739749908
0.0 0.13646993041038513
0.0 0.13647940754890442
0.0 0.13651695847511292
0.0 0.136524498462677
0.0 0.1366361677646637
0.0 0.13669425249099731
0.0 0.13671381771564484
0.0 0.13672231137752533
0.0 0.13672520220279694
0.0 0.1367274969816208
0.0 0.13672910630702972
0.0 0.1367313116788864
0.0 0.1367352157831192
0.0 0.1367672085762024
0.0 0.13676823675632477
0.0 0.13680028915405273
0.0 0.1368863731622696
0.0 0.13692717254161835
0.0 0.136941596865654
0.0 0.13694776594638824
0.0 0.13699036836624146
0.0 0.13699036836624146
0.0 0.1370902955532074
0.0 0.1370985060930252
0.0 0.13723410665988922
0.0 0.137265145778656
0.0 0.13726766407489777
0.0 0.13726766407489777
0.0 0.13728171586990356
0.0 0.13733826577663422
0.0 0.13735418021678925
0.0 0.1374024748802185
0.0 0.13740383088588715
0.0 0.1374085545539856
0.0 0.13740989565849304
0.0 0.13742375373840332
0.0 0.13742376863956451
0.0 0.13743598759174347
0.0 0.13745489716529846
0.0 0.13746029138565063
0.0 0.13750535249710083
0.0 0.13751760125160217
0.0 0.13752490282058716
0.0 0.13756322860717773
0.0 0.13758884370326996
0.0 0.13759490847587585
0.0 0.137595534324646
0.0 0.1375979334115982
0.0 0.13759960234165192
0.0 0.13760629296302795
0.0 0.1376238316297531
0.0 0.13762451708316803
0.0 0.13767723739147186
0.0 0.13767723739147186
0.0 0.13768790662288666
0.0 0.1377141922712326
0.0 0.13773812353610992
0.0 0.13775576651096344
0.0 0.1377633512020111
0.0 0.1377662569284439
0.0 0.13779844343662262
0.0 0.13781113922595978
0.0 0.13781113922595978
0.0 0.13781875371932983
0.0 0.13782568275928497
0.0 0.13787613809108734
0.0 0.1378769427537918
0.0 0.13790644705295563
0.0 0.1379326581954956
0.0 0.13793697953224182
0.0 0.1379452794790268
0.0 0.13795509934425354
0.0 0.13796155154705048
0.0 0.13804973661899567
0.0 0.138055682182312
0.0 0.13811741769313812
0.0 0.13813196122646332
0.0 0.13822995126247406
0.0 0.13825757801532745
0.0 0.13825950026512146
0.0 0.1382632702589035
0.0 0.13829179108142853
0.0 0.13836579024791718
0.0 0.1383773535490036
0.0 0.1384103000164032
0.0 0.13841387629508972
0.0 0.13844236731529236
0.0 0.1385084092617035
0.0 0.13851137459278107
0.0 0.13853193819522858
0.0 0.13853193819522858
0.0 0.13855977356433868
0.0 0.13856583833694458
0.0 0.13858693838119507
0.0 0.1386016607284546
0.0 0.13861879706382751
0.0 0.1386234164237976
0.0 0.13863715529441833
0.0 0.13868190348148346
0.0 0.138688862323761
0.0 0.1387365460395813
0.0 0.13875150680541992
0.0 0.13876360654830933
0.0 0.13879455626010895
0.0 0.13879622519016266
0.0 0.13881181180477142
0.0 0.13882482051849365
0.0 0.1388251781463623
0.0 0.138840913772583
0.0 0.1388414204120636
0.0 0.1388716697692871
0.0 0.13888631761074066
0.0 0.13889560103416443
0.0 0.13890515267848969
0.0 0.13890576362609863
0.0 0.13893818855285645
0.0 0.1389590948820114
0.0 0.13895924389362335
0.0 0.1389923095703125
0.0 0.1389986276626587
0.0 0.13900244235992432
0.0 0.13904564082622528
0.0 0.13906195759773254
0.0 0.13906732201576233
0.0 0.13908174633979797
0.0 0.13909612596035004
0.0 0.1391487717628479
0.0 0.1391601264476776
0.0 0.1392604410648346
0.0 0.13926252722740173
0.0 0.13931593298912048
0.0 0.13931593298912048
0.0 0.13932543992996216
0.0 0.1393425613641739
0.0 0.1393425613641739
0.0 0.13934701681137085
0.0 0.13936617970466614
0.0 0.13937625288963318
0.0 0.13940846920013428
0.0 0.1394495964050293
0.0 0.1395033299922943
0.0 0.1395164132118225
0.0 0.1395241618156433
0.0 0.13952608406543732
0.0 0.1395951211452484
0.0 0.13960902392864227
0.0 0.13961657881736755
0.0 0.13962063193321228
0.0 0.1396246701478958
0.0 0.13970236480236053
0.0 0.13973253965377808
0.0 0.13977757096290588
0.0 0.13977858424186707
0.0 0.13979248702526093
0.0 0.13979575037956238
0.0 0.13979585468769073
0.0 0.13980808854103088
0.0 0.1398368775844574
0.0 0.13984166085720062
0.0 0.13985775411128998
0.0 0.13986074924468994
0.0 0.13986074924468994
0.0 0.13986672461032867
0.0 0.13987086713314056
0.0 0.13992390036582947
0.0 0.1399291306734085
0.0 0.13993455469608307
0.0 0.13995860517024994
0.0 0.13997803628444672
0.0 0.1399848908185959
0.0 0.1399870067834854
0.0 0.14000053703784943
0.0 0.1400076001882553
0.0 0.1400170773267746
0.0 0.1400170773267746
0.0 0.14002396166324615
0.0 0.1400800496339798
0.0 0.1400851160287857
0.0 0.14009107649326324
0.0 0.14011359214782715
0.0 0.1401430070400238
0.0 0.14014731347560883
0.0 0.14026974141597748
0.0 0.14031079411506653
0.0 0.1403358429670334
0.0 0.1403358429670334
0.0 0.14036068320274353
0.0 0.14036068320274353
0.0 0.14037731289863586
0.0 0.14042894542217255
0.0 0.14051206409931183
0.0 0.1405448615550995
0.0 0.1405448615550995
0.0 0.14055973291397095
0.0 0.140599325299263
0.0 0.14060571789741516
0.0 0.14061181247234344
0.0 0.14064231514930725
0.0 0.14064916968345642
0.0 0.14065547287464142
0.0 0.14068454504013062
0.0 0.14068454504013062
0.0 0.1406957358121872
0.0 0.1407730132341385
0.0 0.14077848196029663
0.0 0.14077848196029663
0.0 0.14085720479488373
0.0 0.14085954427719116
0.0 0.14086656272411346
0.0 0.14093133807182312
0.0 0.14093445241451263
0.0 0.14094164967536926
0.0 0.14096187055110931
0.0 0.14099304378032684
0.0 0.14099591970443726
0.0 0.14101539552211761
0.0 0.14106374979019165
0.0 0.14106385409832
0.0 0.14112161099910736
0.0 0.14113043248653412
0.0 0.1411702185869217
0.0 0.1411765217781067
0.0 0.14121277630329132
0.0 0.14123734831809998
0.0 0.14124231040477753
0.0 0.14124539494514465
0.0 0.14127901196479797
0.0 0.14128471910953522
0.0 0.14129126071929932
0.0 0.14129947125911713
0.0 0.1413165181875229
0.0 0.14134719967842102
0.0 0.14136944711208344
0.0 0.141378715634346
0.0 0.1414082795381546
0.0 0.14143189787864685
0.0 0.14143259823322296
0.0 0.1414371281862259
0.0 0.14149081707000732
0.0 0.14149785041809082
0.0 0.14149808883666992
0.0 0.14150375127792358
0.0 0.14150883257389069
0.0 0.1415150910615921
0.0 0.1415475606918335
0.0 0.14155419170856476
0.0 0.14161984622478485
0.0 0.14162111282348633
0.0 0.14162880182266235
0.0 0.14164823293685913
0.0 0.14165164530277252
0.0 0.14175301790237427
0.0 0.14178268611431122
0.0 0.14180327951908112
0.0 0.1418149471282959
0.0 0.1418149471282959
0.0 0.141837477684021
0.0 0.14184896647930145
0.0 0.14185810089111328
0.0 0.14186321198940277
0.0 0.14186321198940277
0.0 0.14189788699150085
0.0 0.14193367958068848
0.0 0.14198675751686096
0.0 0.14199721813201904
0.0 0.14200587570667267
0.0 0.14205674827098846
0.0 0.1420680433511734
0.0 0.14209897816181183
0.0 0.14210334420204163
0.0 0.14212624728679657
0.0 0.14215262234210968
0.0 0.1421716958284378
0.0 0.1421726793050766
0.0 0.14221276342868805
0.0 0.1422346979379654
0.0 0.1422346979379654
0.0 0.14224830269813538
0.0 0.14224961400032043
0.0 0.1422918140888214
0.0 0.14231160283088684
0.0 0.14232265949249268
0.0 0.14233991503715515
0.0 0.1423616111278534
0.0 0.14238202571868896
0.0 0.14238816499710083
0.0 0.14238816499710083
0.0 0.1424303948879242
0.0 0.1424902081489563
0.0 0.14249183237552643
0.0 0.14249183237552643
0.0 0.14249305427074432
0.0 0.14253757894039154
0.0 0.14254918694496155
0.0 0.14254918694496155
0.0 0.1425534337759018
0.0 0.1425608992576599
0.0 0.14257033169269562
0.0 0.14257338643074036
0.0 0.14259754121303558
0.0 0.14260438084602356
0.0 0.14260438084602356
0.0 0.14266622066497803
0.0 0.14271250367164612
0.0 0.14272014796733856
0.0 0.14273832738399506
0.0 0.1427558809518814
0.0 0.14282220602035522
0.0 0.14283767342567444
0.0 0.14284351468086243
0.0 0.14286822080612183
0.0 0.14290647208690643
0.0 0.14290668070316315
0.0 0.142911896109581
0.0 0.14292249083518982
0.0 0.14294400811195374
0.0 0.14298154413700104
0.0 0.14298954606056213
0.0 0.14301671087741852
0.0 0.1430169641971588
0.0 0.14303499460220337
0.0 0.14303618669509888
0.0 0.14304128289222717
0.0 0.14307861030101776
0.0 0.14313021302223206
0.0 0.14313021302223206
0.0 0.14313605427742004
0.0 0.14314311742782593
0.0 0.14318212866783142
0.0 0.14324213564395905
0.0 0.14324629306793213
0.0 0.1432696431875229
0.0 0.14327068626880646
0.0 0.1432742178440094
0.0 0.14327916502952576
0.0 0.14331887662410736
0.0 0.14333297312259674
0.0 0.14333662390708923
0.0 0.14336997270584106
0.0 0.14338935911655426
0.0 0.14349138736724854
0.0 0.14355653524398804
0.0 0.143567755818367
0.0 0.14362050592899323
0.0 0.14363965392112732
0.0 0.14373677968978882
0.0 0.1437484323978424
0.0 0.14375291764736176
0.0 0.14377033710479736
0.0 0.14379693567752838
0.0 0.1438024342060089
0.0 0.1438046246767044
0.0 0.14383237063884735
0.0 0.14383529126644135
0.0 0.14385256171226501
0.0 0.14387167990207672
0.0 0.14388756453990936
0.0 0.1438966691493988
0.0 0.1438966691493988
0.0 0.14390066266059875
0.0 0.14390778541564941
0.0 0.14392073452472687
0.0 0.1439271718263626
0.0 0.14393967390060425
0.0 0.14394384622573853
0.0 0.1439913809299469
0.0 0.1440052092075348
0.0 0.14400750398635864
0.0 0.14401620626449585
0.0 0.14409635961055756
0.0 0.14417284727096558
0.0 0.14420825242996216
0.0 0.14424507319927216
0.0 0.14430959522724152
0.0 0.14431829750537872
0.0 0.1443476676940918
0.0 0.14437784254550934
0.0 0.1443888545036316
0.0 0.14439162611961365
0.0 0.14439474046230316
0.0 0.1445005238056183
0.0 0.1445005238056183
0.0 0.1445019394159317
0.0 0.1445382684469223
0.0 0.14461442828178406
0.0 0.14463229477405548
0.0 0.1446380615234375
0.0 0.14465883374214172
0.0 0.1446695178747177
0.0 0.14471520483493805
0.0 0.14471979439258575
0.0 0.14472615718841553
0.0 0.14473454654216766
0.0 0.1447383463382721
0.0 0.14476583898067474
0.0 0.14493487775325775
0.0 0.1449456512928009
0.0 0.14496858417987823
0.0 0.14499571919441223
0.0 0.14503775537014008
0.0 0.14507029950618744
0.0 0.14509400725364685
0.0 0.14512233436107635
0.0 0.14520622789859772
0.0 0.14521920680999756
0.0 0.14523226022720337
0.0 0.14523226022720337
0.0 0.14524906873703003
0.0 0.14526228606700897
0.0 0.14527632296085358
0.0 0.1452784240245819
0.0 0.1453067511320114
0.0 0.1453205794095993
0.0 0.1453443467617035
0.0 0.1453487128019333
0.0 0.1453487128019333
0.0 0.14540718495845795
0.0 0.1454535573720932
0.0 0.14545373618602753
0.0 0.1455002725124359
0.0 0.1455090343952179
0.0 0.1455225795507431
0.0 0.14554360508918762
0.0 0.14560021460056305
0.0 0.1456388235092163
0.0 0.1456388384103775
0.0 0.1456388384103775
0.0 0.14570793509483337
0.0 0.1457684487104416
0.0 0.14585712552070618
0.0 0.1458858847618103
0.0 0.1459045261144638
0.0 0.1459159404039383
0.0 0.14592330157756805
0.0 0.145938441157341
0.0 0.14601966738700867
0.0 0.14603623747825623
0.0 0.1460447609424591
0.0 0.14608685672283173
0.0 0.14611105620861053
0.0 0.14611409604549408
0.0 0.14616230130195618
0.0 0.14616911113262177
0.0 0.14616911113262177
0.0 0.14616911113262177
0.0 0.14617431163787842
0.0 0.14618006348609924
0.0 0.1461840271949768
0.0 0.14620359241962433
0.0 0.14620642364025116
0.0 0.14626182615756989
0.0 0.14627070724964142
0.0 0.1462826430797577
0.0 0.14632642269134521
0.0 0.14632642269134521
0.0 0.14633935689926147
0.0 0.14633935689926147
0.0 0.146410271525383
0.0 0.14641259610652924
0.0 0.14642421901226044
0.0 0.14642421901226044
0.0 0.14647416770458221
0.0 0.14649371802806854
0.0 0.1465590000152588
0.0 0.1465863585472107
0.0 0.14658747613430023
0.0 0.14659321308135986
0.0 0.14664395153522491
0.0 0.14665104448795319
0.0 0.14666202664375305
0.0 0.14666390419006348
0.0 0.14667664468288422
0.0 0.14667756855487823
0.0 0.1466999351978302
0.0 0.1467193216085434
0.0 0.1467282474040985
0.0 0.1467376947402954
0.0 0.1467732936143875
0.0 0.14679928123950958
0.0 0.146826833486557
0.0 0.1468399465084076
0.0 0.14686565101146698
0.0 0.14688757061958313
0.0 0.14689040184020996
0.0 0.14692814648151398
0.0 0.14693583548069
0.0 0.14693583548069
0.0 0.1469721794128418
0.0 0.14699023962020874
0.0 0.1470068395137787
0.0 0.14700870215892792
0.0 0.14700870215892792
0.0 0.14704224467277527
0.0 0.14706522226333618
0.0 0.14706633985042572
0.0 0.14708861708641052
0.0 0.14711947739124298
0.0 0.14715121686458588
0.0 0.1471589207649231
0.0 0.14719025790691376
0.0 0.14724880456924438
0.0 0.14726951718330383
0.0 0.14729636907577515
0.0 0.14729854464530945
0.0 0.14730603992938995
0.0 0.14733374118804932
0.0 0.14735257625579834
0.0 0.147358238697052
0.0 0.14738880097866058
0.0 0.14740963280200958
0.0 0.14744165539741516
0.0 0.14747627079486847
0.0 0.1474844068288803
0.0 0.1474844068288803
0.0 0.1474844068288803
0.0 0.1475071907043457
0.0 0.14750738441944122
0.0 0.14752070605754852
0.0 0.14754419028759003
0.0 0.14759179949760437
0.0 0.14759595692157745
0.0 0.14759770035743713
0.0 0.14760129153728485
0.0 0.1476033478975296
0.0 0.14760568737983704
0.0 0.14762452244758606
0.0 0.14764311909675598
0.0 0.1476534754037857
0.0 0.14769719541072845
0.0 0.1477150022983551
0.0 0.14775459468364716
0.0 0.14775632321834564
0.0 0.14778564870357513
0.0 0.14783480763435364
0.0 0.14787615835666656
0.0 0.14787623286247253
0.0 0.1479228138923645
0.0 0.1479358673095703
0.0 0.14798793196678162
0.0 0.1479995995759964
0.0 0.14801205694675446
0.0 0.14801882207393646
0.0 0.14802418649196625
0.0 0.14804930984973907
0.0 0.1480824500322342
0.0 0.14808416366577148
0.0 0.14809297025203705
0.0 0.14813324809074402
0.0 0.1482507288455963
0.0 0.1482701301574707
0.0 0.14830687642097473
0.0 0.14831021428108215
0.0 0.148320734500885
0.0 0.1483253836631775
0.0 0.14836280047893524
0.0 0.1483696699142456
0.0 0.14839504659175873
0.0 0.14839504659175873
0.0 0.14840352535247803
0.0 0.14844436943531036
0.0 0.14846080541610718
0.0 0.1484636664390564
0.0 0.14850322902202606
0.0 0.14852400124073029
0.0 0.14852875471115112
0.0 0.1485546976327896
0.0 0.1485869437456131
0.0 0.1485888957977295
0.0 0.148609459400177
0.0 0.148609459400177
0.0 0.14863260090351105
0.0 0.14869192242622375
0.0 0.14869411289691925
0.0 0.14875197410583496
0.0 0.148771733045578
0.0 0.148781880736351
0.0 0.14879059791564941
0.0 0.14880286157131195
0.0 0.14880286157131195
0.0 0.14881858229637146
0.0 0.1488352119922638
0.0 0.14883773028850555
0.0 0.14883890748023987
0.0 0.1488778293132782
0.0 0.14889876544475555
0.0 0.14890091121196747
0.0 0.14892899990081787
0.0 0.14893706142902374
0.0 0.14894986152648926
0.0 0.14895345270633698
0.0 0.14895980060100555
0.0 0.14897111058235168
0.0 0.14899946749210358
0.0 0.14901067316532135
0.0 0.14901627600193024
0.0 0.14906045794487
0.0 0.1491032838821411
0.0 0.1491503268480301
0.0 0.1491556614637375
0.0 0.14916859567165375
0.0 0.14921142160892487
0.0 0.14921605587005615
0.0 0.14922583103179932
0.0 0.14923082292079926
0.0 0.14924576878547668
0.0 0.1493031084537506
0.0 0.1493377387523651
0.0 0.1493377387523651
0.0 0.1494217813014984
0.0 0.14945584535598755
0.0 0.14945648610591888
0.0 0.14946535229682922
0.0 0.14946627616882324
0.0 0.14952467381954193
0.0 0.14953307807445526
0.0 0.14953595399856567
0.0 0.14954771101474762
0.0 0.14955942332744598
0.0 0.14959204196929932
0.0 0.14962264895439148
0.0 0.14962634444236755
0.0 0.14970186352729797
0.0 0.14971278607845306
0.0 0.1497165411710739
0.0 0.14971670508384705
0.0 0.14972107112407684
0.0 0.14974571764469147
0.0 0.14975930750370026
0.0 0.14977169036865234
0.0 0.14979062974452972
0.0 0.1498004049062729
0.0 0.14982029795646667
0.0 0.1498323380947113
0.0 0.1498415768146515
0.0 0.14985743165016174
0.0 0.14985942840576172
0.0 0.14989019930362701
0.0 0.14989162981510162
0.0 0.14996172487735748
0.0 0.1500268280506134
0.0 0.1500459611415863
0.0 0.15006698668003082
0.0 0.15008440613746643
0.0 0.1501430720090866
0.0 0.15014782547950745
0.0 0.15016314387321472
0.0 0.15016543865203857
0.0 0.15016543865203857
0.0 0.15022346377372742
0.0 0.15022346377372742
0.0 0.15022802352905273
0.0 0.15023358166217804
0.0 0.1502525955438614
0.0 0.15026932954788208
0.0 0.15029913187026978
0.0 0.15029913187026978
0.0 0.15030339360237122
0.0 0.15030339360237122
0.0 0.15032395720481873
0.0 0.15035392343997955
0.0 0.15035830438137054
0.0 0.15035930275917053
0.0 0.15041236579418182
0.0 0.15041892230510712
0.0 0.15047098696231842
0.0 0.15053793787956238
0.0 0.15053793787956238
0.0 0.15053978562355042
0.0 0.15058337152004242
0.0 0.15059375762939453
0.0 0.15061397850513458
0.0 0.1506258249282837
0.0 0.15065059065818787
0.0 0.15070033073425293
0.0 0.1507197767496109
0.0 0.1507895588874817
0.0 0.15081197023391724
0.0 0.1508941352367401
0.0 0.15090245008468628
0.0 0.15095224976539612
0.0 0.15099947154521942
0.0 0.15103664994239807
0.0 0.15106193721294403
0.0 0.15112793445587158
0.0 0.1511436104774475
0.0 0.15115468204021454
0.0 0.15121272206306458
0.0 0.15125316381454468
0.0 0.15133918821811676
0.0 0.1513424515724182
0.0 0.15141955018043518
0.0 0.15145649015903473
0.0 0.15147560834884644
0.0 0.15147878229618073
0.0 0.15154018998146057
0.0 0.15155470371246338
0.0 0.15163865685462952
0.0 0.15167738497257233
0.0 0.15173044800758362
0.0 0.15174853801727295
0.0 0.15177707374095917
0.0 0.15180009603500366
0.0 0.15181554853916168
0.0 0.15181554853916168
0.0 0.15183474123477936
0.0 0.1518411636352539
0.0 0.15184666216373444
0.0 0.1518688201904297
0.0 0.15190474689006805
0.0 0.15195196866989136
0.0 0.15198928117752075
0.0 0.1520099937915802
0.0 0.15202444791793823
0.0 0.15203380584716797
0.0 0.15203815698623657
0.0 0.15205341577529907
0.0 0.15206453204154968
0.0 0.1522526890039444
0.0 0.1522580087184906
0.0 0.152262344956398
0.0 0.1522720605134964
0.0 0.15227484703063965
0.0 0.1522846668958664
0.0 0.15232884883880615
0.0 0.15234868228435516
0.0 0.15242965519428253
0.0 0.15244457125663757
0.0 0.15245483815670013
0.0 0.152489572763443
0.0 0.15250828862190247
0.0 0.1525260955095291
0.0 0.1525374799966812
0.0 0.1525374799966812
0.0 0.15263715386390686
0.0 0.1527649462223053
0.0 0.15288542211055756
0.0 0.15293270349502563
0.0 0.15295371413230896
0.0 0.15297994017601013
0.0 0.1530088186264038
0.0 0.1530088186264038
0.0 0.15302719175815582
0.0 0.15309816598892212
0.0 0.15311786532402039
0.0 0.15313373506069183
0.0 0.15321475267410278
0.0 0.15322069823741913
0.0 0.15328030288219452
0.0 0.15329350531101227
0.0 0.15330444276332855
0.0 0.15331687033176422
0.0 0.15336377918720245
0.0 0.15337200462818146
0.0 0.15341711044311523
0.0 0.15343926846981049
0.0 0.15344549715518951
0.0 0.15345996618270874
0.0 0.15349416434764862
0.0 0.15349416434764862
0.0 0.15349452197551727
0.0 0.15360520780086517
0.0 0.15360797941684723
0.0 0.15361763536930084
0.0 0.15365558862686157
0.0 0.15368425846099854
0.0 0.15368425846099854
0.0 0.1537121683359146
0.0 0.15372419357299805
0.0 0.15381430089473724
0.0 0.1538316011428833
0.0 0.153838649392128
0.0 0.15384593605995178
0.0 0.1538805067539215
0.0 0.15395191311836243
0.0 0.15404100716114044
0.0 0.1540779024362564
0.0 0.15412218868732452
0.0 0.1541312038898468
0.0 0.15418842434883118
0.0 0.15422023832798004
0.0 0.15426045656204224
0.0 0.15426836907863617
0.0 0.1542893648147583
0.0 0.1542896032333374
0.0 0.1543038934469223
0.0 0.15431788563728333
0.0 0.15431931614875793
0.0 0.15431931614875793
0.0 0.15432602167129517
0.0 0.15435157716274261
0.0 0.15436385571956635
0.0 0.15439634025096893
0.0 0.15440633893013
0.0 0.15441188216209412
0.0 0.1544560194015503
0.0 0.15447504818439484
0.0 0.15448209643363953
0.0 0.1544874757528305
0.0 0.1544874757528305
0.0 0.15449941158294678
0.0 0.15451808273792267
0.0 0.15451809763908386
0.0 0.15455545485019684
0.0 0.1545841246843338
0.0 0.15458670258522034
0.0 0.15460339188575745
0.0 0.15462270379066467
0.0 0.15463519096374512
0.0 0.1547236293554306
0.0 0.1547478586435318
0.0 0.15476730465888977
0.0 0.1547812670469284
0.0 0.154826357960701
0.0 0.15491701662540436
0.0 0.15495863556861877
0.0 0.15500767529010773
0.0 0.1550527662038803
0.0 0.15507027506828308
0.0 0.15529458224773407
0.0 0.15531232953071594
0.0 0.1554340422153473
0.0 0.1554550677537918
0.0 0.15546642243862152
0.0 0.15547356009483337
0.0 0.15548504889011383
0.0 0.15551254153251648
0.0 0.15551568567752838
0.0 0.15555371344089508
0.0 0.15558132529258728
0.0 0.15559804439544678
0.0 0.1556123048067093
0.0 0.1556210070848465
0.0 0.1556401550769806
0.0 0.1557358354330063
0.0 0.15583141148090363
0.0 0.15587276220321655
0.0 0.1558873951435089
0.0 0.15589086711406708
0.0 0.15590520203113556
0.0 0.15590520203113556
0.0 0.15594008564949036
0.0 0.15597811341285706
0.0 0.15600650012493134
0.0 0.15600650012493134
0.0 0.15600650012493134
0.0 0.15602214634418488
0.0 0.15605896711349487
0.0 0.1560603678226471
0.0 0.15607231855392456
0.0 0.15614892542362213
0.0 0.15617121756076813
0.0 0.15618275105953217
0.0 0.15618593990802765
0.0 0.15620560944080353
0.0 0.1562485247850418
0.0 0.15629462897777557
0.0 0.15630438923835754
0.0 0.15635338425636292
0.0 0.15636080503463745
0.0 0.15637294948101044
0.0 0.15640978515148163
0.0 0.15640978515148163
0.0 0.15645872056484222
0.0 0.15655532479286194
0.0 0.1565685123205185
0.0 0.1566070318222046
0.0 0.15663515031337738
0.0 0.15667550265789032
0.0 0.15669018030166626
0.0 0.15676411986351013
0.0 0.15681788325309753
0.0 0.1568630337715149
0.0 0.15692637860774994
0.0 0.15696123242378235
0.0 0.15696732699871063
0.0 0.15699009597301483
0.0 0.156990185379982
0.0 0.157009556889534
0.0 0.15702538192272186
0.0 0.15714111924171448
0.0 0.15734420716762543
0.0 0.15743891894817352
0.0 0.1574438363313675
0.0 0.15744389593601227
0.0 0.15746678411960602
0.0 0.15746678411960602
0.0 0.15747222304344177
0.0 0.15749984979629517
0.0 0.15753291547298431
0.0 0.15753968060016632
0.0 0.15753968060016632
0.0 0.15755456686019897
0.0 0.15755951404571533
0.0 0.1575695425271988
0.0 0.1575731337070465
0.0 0.15757881104946136
0.0 0.1576496809720993
0.0 0.15766160190105438
0.0 0.1576753705739975
0.0 0.15768538415431976
0.0 0.1576942652463913
0.0 0.15771476924419403
0.0 0.1577494889497757
0.0 0.1578025370836258
0.0 0.15782363712787628
0.0 0.15784390270709991
0.0 0.15784390270709991
0.0 0.15785318613052368
0.0 0.15788708627223969
0.0 0.15790164470672607
0.0 0.1579178273677826
0.0 0.1579178273677826
0.0 0.15796813368797302
0.0 0.1579688936471939
0.0 0.15798720717430115
0.0 0.15807479619979858
0.0 0.158144012093544
0.0 0.15815243124961853
0.0 0.1582193374633789
0.0 0.1582486629486084
0.0 0.15829743444919586
0.0 0.15835314989089966
0.0 0.15836423635482788
0.0 0.15838639438152313
0.0 0.15840564668178558
0.0 0.15841808915138245
0.0 0.15849152207374573
0.0 0.15850841999053955
0.0 0.15851262211799622
0.0 0.15852050483226776
0.0 0.15856406092643738
0.0 0.1585942655801773
0.0 0.15860268473625183
0.0 0.15860268473625183
0.0 0.1586451679468155
0.0 0.15866458415985107
0.0 0.15866877138614655
0.0 0.1587207019329071
0.0 0.15878818929195404
0.0 0.15879319608211517
0.0 0.15880852937698364
0.0 0.158820241689682
0.0 0.15882691740989685
0.0 0.1588348150253296
0.0 0.15886056423187256
0.0 0.15893757343292236
0.0 0.15893757343292236
0.0 0.15895920991897583
0.0 0.15898044407367706
0.0 0.1589849591255188
0.0 0.15901468694210052
0.0 0.15902669727802277
0.0 0.15904279053211212
0.0 0.15908142924308777
0.0 0.1591910719871521
0.0 0.1592075377702713
0.0 0.15921275317668915
0.0 0.1592172533273697
0.0 0.15924414992332458
0.0 0.15929332375526428
0.0 0.15941938757896423
0.0 0.15946683287620544
0.0 0.15948083996772766
0.0 0.15948611497879028
0.0 0.1594887226819992
0.0 0.15949974954128265
0.0 0.1595252901315689
0.0 0.159530907869339
0.0 0.159530907869339
0.0 0.15956462919712067
0.0 0.15958617627620697
0.0 0.15961728990077972
0.0 0.15964053571224213
0.0 0.15967896580696106
0.0 0.1596958339214325
0.0 0.15969765186309814
0.0 0.15970288217067719
0.0 0.1597192883491516
0.0 0.15972213447093964
0.0 0.15972326695919037
0.0 0.15978823602199554
0.0 0.15980994701385498
0.0 0.1598251909017563
0.0 0.15991351008415222
0.0 0.15995559096336365
0.0 0.15997518599033356
0.0 0.16000981628894806
0.0 0.16002212464809418
0.0 0.16008101403713226
0.0 0.1600833535194397
0.0 0.1600833535194397
0.0 0.1601300835609436
0.0 0.16013844311237335
0.0 0.1601715385913849
0.0 0.16025099158287048
0.0 0.1602829098701477
0.0 0.1603916436433792
0.0 0.16048981249332428
0.0 0.160492405295372
0.0 0.160513773560524
0.0 0.16058281064033508
0.0 0.1606028974056244
0.0 0.1606585532426834
0.0 0.16070358455181122
0.0 0.16070877015590668
0.0 0.16084448993206024
0.0 0.16085012257099152
0.0 0.1608753204345703
0.0 0.1609269678592682
0.0 0.16092973947525024
0.0 0.16092973947525024
0.0 0.16098615527153015
0.0 0.1609887331724167
0.0 0.16115882992744446
0.0 0.16116060316562653
0.0 0.1611872762441635
0.0 0.1611872762441635
0.0 0.1611872762441635
0.0 0.1612773984670639
0.0 0.1612883061170578
0.0 0.16131338477134705
0.0 0.16133171319961548
0.0 0.1613556295633316
0.0 0.16147327423095703
0.0 0.16152210533618927
0.0 0.16156896948814392
0.0 0.161574125289917
0.0 0.1616022288799286
0.0 0.16167758405208588
0.0 0.1617535501718521
0.0 0.1617787927389145
0.0 0.16180793941020966
0.0 0.16180793941020966
0.0 0.16183441877365112
0.0 0.16184940934181213
0.0 0.16190463304519653
0.0 0.1619422733783722
0.0 0.16195783019065857
0.0 0.161966934800148
0.0 0.16197900474071503
0.0 0.16200564801692963
0.0 0.16222481429576874
0.0 0.16226229071617126
0.0 0.1622672826051712
0.0 0.16229993104934692
0.0 0.1623864620923996
0.0 0.16240671277046204
0.0 0.16245587170124054
0.0 0.16245971620082855
0.0 0.16248869895935059
0.0 0.16248869895935059
0.0 0.16248869895935059
0.0 0.16259710490703583
0.0 0.1626197099685669
0.0 0.16266290843486786
0.0 0.16270101070404053
0.0 0.16270355880260468
0.0 0.16271640360355377
0.0 0.16271640360355377
0.0 0.16275522112846375
0.0 0.1628061980009079
0.0 0.16280995309352875
0.0 0.16281574964523315
0.0 0.16281907260417938
0.0 0.16285893321037292
0.0 0.16293948888778687
0.0 0.16294999420642853
0.0 0.16298462450504303
0.0 0.1630864143371582
0.0 0.16310641169548035
0.0 0.163125142455101
0.0 0.163129523396492
0.0 0.16313208639621735
0.0 0.16315214335918427
0.0 0.1632065623998642
0.0 0.1633380502462387
0.0 0.16334840655326843
0.0 0.16335108876228333
0.0 0.16335991024971008
0.0 0.16336043179035187
0.0 0.16337376832962036
0.0 0.16349183022975922
0.0 0.1634969413280487
0.0 0.163587287068367
0.0 0.1636154055595398
0.0 0.16362762451171875
0.0 0.16366691887378693
0.0 0.16372895240783691
0.0 0.16374965012073517
0.0 0.16377481818199158
0.0 0.1638178527355194
0.0 0.1638379693031311
0.0 0.16389627754688263
0.0 0.16390201449394226
0.0 0.16393615305423737
0.0 0.16403548419475555
0.0 0.16403990983963013
0.0 0.16404999792575836
0.0 0.16405953466892242
0.0 0.1641043871641159
0.0 0.16413582861423492
0.0 0.1641467660665512
0.0 0.16417615115642548
0.0 0.1641780138015747
0.0 0.1642017960548401
0.0 0.16423529386520386
0.0 0.1643074005842209
0.0 0.1643243134021759
0.0 0.1643546223640442
0.0 0.16439802944660187
0.0 0.1644478589296341
0.0 0.16444841027259827
0.0 0.16448526084423065
0.0 0.16452042758464813
0.0 0.16453497111797333
0.0 0.16454939544200897
0.0 0.16458523273468018
0.0 0.16458523273468018
0.0 0.1645885705947876
0.0 0.1646081656217575
0.0 0.1646132469177246
0.0 0.16461831331253052
0.0 0.16466526687145233
0.0 0.16468636691570282
0.0 0.16469982266426086
0.0 0.1647692322731018
0.0 0.16477429866790771
0.0 0.16478726267814636
0.0 0.16482515633106232
0.0 0.16483239829540253
0.0 0.16485591232776642
0.0 0.1648634821176529
0.0 0.1649456024169922
0.0 0.1650068163871765
0.0 0.1650417149066925
0.0 0.165044903755188
0.0 0.16509221494197845
0.0 0.16509833931922913
0.0 0.1651534140110016
0.0 0.16517853736877441
0.0 0.16535153985023499
0.0 0.16535153985023499
0.0 0.16550396382808685
0.0 0.16550396382808685
0.0 0.16564422845840454
0.0 0.1657128930091858
0.0 0.16574248671531677
0.0 0.16580848395824432
0.0 0.16586712002754211
0.0 0.16587136685848236
0.0 0.1659788191318512
0.0 0.1659974604845047
0.0 0.16606242954730988
0.0 0.1661052107810974
0.0 0.1661396473646164
0.0 0.166151762008667
0.0 0.16617794334888458
0.0 0.16620565950870514
0.0 0.16621387004852295
0.0 0.16622096300125122
0.0 0.1662304401397705
0.0 0.1662869155406952
0.0 0.16635669767856598
0.0 0.1663672775030136
0.0 0.16638873517513275
0.0 0.16640733182430267
0.0 0.16640733182430267
0.0 0.166457861661911
0.0 0.16646036505699158
0.0 0.16649065911769867
0.0 0.1665201485157013
0.0 0.16655224561691284
0.0 0.16657434403896332
0.0 0.16663745045661926
0.0 0.16672810912132263
0.0 0.1667294204235077
0.0 0.1667294204235077
0.0 0.16681648790836334
0.0 0.16685208678245544
0.0 0.1669570654630661
0.0 0.1669621467590332
0.0 0.16701170802116394
0.0 0.16703666746616364
0.0 0.1672014594078064
0.0 0.16720466315746307
0.0 0.16720466315746307
0.0 0.16723193228244781
0.0 0.16725029051303864
0.0 0.16725420951843262
0.0 0.16735219955444336
0.0 0.16738685965538025
0.0 0.16746936738491058
0.0 0.1674865037202835
0.0 0.16752976179122925
0.0 0.1675330102443695
0.0 0.167619988322258
0.0 0.16767041385173798
0.0 0.16767041385173798
0.0 0.16767975687980652
0.0 0.1677323430776596
0.0 0.1677400916814804
0.0 0.16775007545948029
0.0 0.1677790731191635
0.0 0.16780857741832733
0.0 0.16784720122814178
0.0 0.16791313886642456
0.0 0.1679280549287796
0.0 0.16795723140239716
0.0 0.16799868643283844
0.0 0.1680644005537033
0.0 0.16808834671974182
0.0 0.16814079880714417
0.0 0.1681532859802246
0.0 0.1682189702987671
0.0 0.1682712733745575
0.0 0.16830562055110931
0.0 0.16836988925933838
0.0 0.16848288476467133
0.0 0.16848288476467133
0.0 0.16850519180297852
0.0 0.16861310601234436
0.0 0.168619304895401
0.0 0.16862042248249054
0.0 0.1686522215604782
0.0 0.1687142252922058
0.0 0.1687142252922058
0.0 0.1687331646680832
0.0 0.16878101229667664
0.0 0.16878347098827362
0.0 0.16879765689373016
0.0 0.16886061429977417
0.0 0.16886061429977417
0.0 0.16887927055358887
0.0 0.16892904043197632
0.0 0.1691443771123886
0.0 0.1692367047071457
0.0 0.16929373145103455
0.0 0.16939333081245422
0.0 0.16949708759784698
0.0 0.16957055032253265
0.0 0.16969189047813416
0.0 0.16970665752887726
0.0 0.16974127292633057
0.0 0.1699489951133728
0.0 0.1700812429189682
0.0 0.17008662223815918
0.0 0.1701325625181198
0.0 0.1701677441596985
0.0 0.1704944223165512
0.0 0.1704944223165512
0.0 0.1707409769296646
0.0 0.17098475992679596
0.0 0.1711065173149109
0.0 0.17122745513916016
0.0 0.1713125854730606
0.0 0.17140676081180573
0.0 0.17144949734210968
0.0 0.17163315415382385
0.0 0.17174702882766724
0.0 0.17181062698364258
0.0 0.17184370756149292
0.0 0.17188259959220886
0.0 0.17188259959220886
0.0 0.17203697562217712
0.0 0.17203697562217712
0.0 0.17206630110740662
0.0 0.172112837433815
0.0 0.17222000658512115
0.0 0.17227062582969666
0.0 0.17257100343704224
0.0 0.17264923453330994
0.0 0.17301195859909058
0.0 0.17303508520126343
0.0 0.1731276959180832
0.0 0.1733914613723755
0.0 0.17341381311416626
0.0 0.17342035472393036
0.0 0.17354175448417664
0.0 0.173931285738945
0.0 0.17399615049362183
0.0 0.1741291731595993
0.0 0.17480222880840302
0.0 0.17480461299419403
0.0 0.17480461299419403
0.0 0.17489877343177795
0.0 0.17501160502433777
0.0 0.1751316338777542
0.0 0.17556460201740265
0.0 0.1755966991186142
0.0 0.1757470667362213
0.0 0.17576609551906586
0.0 0.17577604949474335
0.0 0.17601516842842102
0.0 0.17602437734603882
0.0 0.17610526084899902
0.0 0.17613671720027924
0.0 0.17619116604328156
0.0 0.17619118094444275
0.0 0.17622670531272888
0.0 0.17623917758464813
0.0 0.1762697398662567
0.0 0.1762697398662567
0.0 0.1763390153646469
0.0 0.1765844225883484
0.0 0.17677819728851318
0.0 0.17678610980510712
0.0 0.17681926488876343
0.0 0.17703336477279663
0.0 0.1770470291376114
0.0 0.1771847903728485
0.0 0.1772325336933136
0.0 0.17729170620441437
0.0 0.17744965851306915
0.0 0.17747075855731964
0.0 0.17756995558738708
0.0 0.17762313783168793
0.0 0.17766353487968445
0.0 0.17782282829284668
0.0 0.17782282829284668
0.0 0.17782282829284668
0.0 0.17791512608528137
0.0 0.17796297371387482
0.0 0.17825476825237274
0.0 0.17827636003494263
0.0 0.17830993235111237
0.0 0.17852604389190674
0.0 0.1786695271730423
0.0 0.1786925047636032
0.0 0.1788005381822586
0.0 0.17887355387210846
0.0 0.17888516187667847
0.0 0.1790647953748703
0.0 0.17918601632118225
0.0 0.1795833557844162
0.0 0.17978735268115997
0.0 0.17984993755817413
0.0 0.1799614429473877
0.0 0.1800425499677658
0.0 0.18041405081748962
0.0 0.1805408000946045
0.0 0.18058635294437408
0.0 0.18061713874340057
0.0 0.18065138161182404
0.0 0.18070468306541443
0.0 0.18084008991718292
0.0 0.1811283826828003
0.0 0.18141011893749237
0.0 0.18164534866809845
0.0 0.18215464055538177
0.0 0.18217717111110687
0.0 0.1822509467601776
0.0 0.18225371837615967
0.0 0.18225373327732086
0.0 0.18225599825382233
0.0 0.18275949358940125
0.0 0.1829693615436554
0.0 0.18298055231571198
0.0 0.1831451654434204
0.0 0.18323051929473877
0.0 0.1837749183177948
0.0 0.1841512769460678
0.0 0.18429525196552277
0.0 0.1844821721315384
0.0 0.18457531929016113
0.0 0.18459390103816986
0.0 0.18468895554542542
0.0 0.18471868336200714
0.0 0.18472087383270264
0.0 0.1850045919418335
0.0 0.18510253727436066
0.0 0.18525879085063934
0.0 0.1858123540878296
0.0 0.18589529395103455
0.0 0.18606026470661163
0.0 0.1861979067325592
0.0 0.18638506531715393
0.0 0.18695378303527832
0.0 0.18695379793643951
0.0 0.1869891732931137
0.0 0.1870664805173874
0.0 0.18712642788887024
0.0 0.18792447447776794
0.0 0.1881072223186493
0.0 0.18846872448921204
0.0 0.18966931104660034
0.0 0.19045493006706238
0.0 0.19077768921852112
0.0 0.19103217124938965
0.0 0.1911933273077011
0.0 0.1913273185491562
0.0 0.19148893654346466
0.0 0.19182859361171722
0.0 0.1924601048231125
0.0 0.19306831061840057
0.0 0.19308607280254364
0.0 0.19351385533809662
0.0 0.19368037581443787
0.0 0.19381694495677948
0.0 0.19435656070709229
0.0 0.19458584487438202
0.0 0.19468647241592407
0.0 0.19591857492923737
0.0 0.19687114655971527
0.0 0.19694064557552338
0.0 0.19751986861228943
0.0 0.19755877554416656
0.0 0.19915872812271118
0.0 0.20250695943832397
0.0 0.20286333560943604
0.0 0.20405656099319458
