0.0715332105755806
0.0715332105755806
0.0715332105755806
0.0715332105755806
0.0715332105755806
0.0715332105755806
0.0715332105755806
0.0715332105755806
0.0715332105755806
0.07199305295944214
0.07199305295944214
0.07199305295944214
0.07199305295944214
0.07199305295944214
0.07199305295944214
0.07199305295944214
0.07199305295944214
0.07199305295944214
0.36644235253334045
0.37370577454566956
0.37656208872795105
0.3763522207736969
0.37643590569496155
0.5030715465545654
0.5032405257225037
0.5032405257225037
0.5365099906921387
0.5692521333694458
0.5692521333694458
0.5697025656700134
0.5697025656700134
0.5971273183822632
0.5971273183822632
0.6147202849388123
0.6721301674842834
0.6721301674842834
0.6721301674842834
0.6721301674842834
0.6721301674842834
0.6721301674842834
0.6721301674842834
0.6721301674842834
0.6721301674842834
0.6721301674842834
0.6721301674842834
0.6721301674842834
0.6721301674842834
0.6721301674842834
0.6721301674842834
0.6721301674842834
0.6721301674842834
0.6721301674842834
0.6721301674842834
0.6721301674842834
0.6721301674842834
0.6721301674842834
0.6721301674842834
0.6721301674842834
0.6721301674842834
0.6206085681915283
0.6206085681915283
0.6206085681915283
0.6206085681915283
0.6021212339401245
0.6023752689361572
0.6018571257591248
0.6018571257591248
0.512626588344574
0.512626588344574
0.5126646161079407
0.4408162832260132
0.4408162832260132
0.4401352107524872
0.4401352107524872
0.3630261719226837
0.3630261719226837
0.3630261719226837
0.21371008455753326
0.21371008455753326
0.19409018754959106
0.19430646300315857
0.09037698805332184
0.06754998117685318
0.06754998117685318
0.06754998117685318
0.06754998117685318
0.06754998117685318
0.06754998117685318
0.06754998117685318
0.06754998117685318
0.06754998117685318
0.06754998117685318
0.06754998117685318
0.06754998117685318
0.06754998117685318
0.06754998117685318
