0.3100854456424713 0.3141503930091858
0.3028434216976166 0.3031165599822998
0.2977702021598816 0.29832759499549866
0.2928805649280548 0.2942383587360382
0.28985974192619324 0.31716373562812805
0.28819456696510315 0.29459601640701294
0.2879393696784973 0.2941441237926483
0.28777918219566345 0.28829506039619446
0.28606531023979187 0.28937608003616333
0.2857058346271515 0.2857525646686554
0.28468137979507446 0.29591625928878784
0.283248633146286 0.2833090126514435
0.28268012404441833 0.28803861141204834
0.28218287229537964 0.29040980339050293
0.28173840045928955 0.2845919132232666
0.2812744379043579 0.3019390106201172
0.28031039237976074 0.2921740710735321
0.2799386978149414 0.29501691460609436
0.2795215845108032 0.2891925573348999
0.2778860926628113 0.30154404044151306
0.2778116762638092 0.30281615257263184
0.2772565186023712 0.29195454716682434
0.2769891321659088 0.2858275771141052
0.27682021260261536 0.28031206130981445
0.27647244930267334 0.2783462703227997
0.2758276164531708 0.2953740954399109
0.27490663528442383 0.2765457332134247
0.2748314440250397 0.2826915681362152
0.2734014689922333 0.2771261930465698
0.27268344163894653 0.27360326051712036
0.2716889977455139 0.27578485012054443
0.27159300446510315 0.27628466486930847
0.2713773250579834 0.2763689160346985
0.2712651193141937 0.2796180546283722
0.27117690443992615 0.3012181222438812
0.27030035853385925 0.29201045632362366
0.2701716423034668 0.28267133235931396
0.2700219750404358 0.2733934819698334
0.2698403000831604 0.27251341938972473
0.2697983682155609 0.28048646450042725
0.26733165979385376 0.26786789298057556
0.2670435607433319 0.27803072333335876
0.26699915528297424 0.2719094157218933
0.26668667793273926 0.2732257544994354
0.26606619358062744 0.288662850856781
0.26572173833847046 0.2718958854675293
0.26500532031059265 0.26960933208465576
0.26498210430145264 0.26919224858283997
0.2640794813632965 0.27409061789512634
0.26359692215919495 0.26907050609588623
0.2631174921989441 0.2672519087791443
0.2627875804901123 0.28731879591941833
0.2626033425331116 0.2655599117279053
0.26178789138793945 0.29869258403778076
0.26122981309890747 0.26157376170158386
0.2611556053161621 0.2840065062046051
0.26056480407714844 0.26203060150146484
0.26036348938941956 0.26894912123680115
0.26009300351142883 0.2621190845966339
0.2599599063396454 0.2691921293735504
0.2599506080150604 0.26528069376945496
0.2598910629749298 0.26906415820121765
0.25964605808258057 0.26275357604026794
0.2593002915382385 0.2610570788383484
0.2590504288673401 0.25916460156440735
0.25903257727622986 0.26476341485977173
0.2589888274669647 0.2624354362487793
0.2587839961051941 0.2647879123687744
0.2585242688655853 0.27701905369758606
0.2584441006183624 0.2740751802921295
0.258179634809494 0.264193594455719
0.2580967843532562 0.27060186862945557
0.25784578919410706 0.2595762610435486
0.25782808661460876 0.2595123052597046
0.25756528973579407 0.26050397753715515
0.25718915462493896 0.2624225318431854
0.25715041160583496 0.26049575209617615
0.25706377625465393 0.26231029629707336
0.25705060362815857 0.27052512764930725
0.2566291391849518 0.2573581337928772
0.2565768361091614 0.27094510197639465
0.2564863860607147 0.25779640674591064
0.2562372386455536 0.2570980489253998
0.256154328584671 0.25904181599617004
0.2553759217262268 0.2591606378555298
0.2549186944961548 0.257158100605011
0.2548339068889618 0.2641875147819519
0.2547902762889862 0.25561395287513733
0.2547757029533386 0.26363369822502136
0.2547382712364197 0.2634378671646118
0.25452497601509094 0.25864270329475403
0.25438570976257324 0.2552512586116791
0.2543347477912903 0.25879764556884766
0.25411614775657654 0.25556179881095886
0.2540344297885895 0.2570572793483734
0.25394830107688904 0.25592318177223206
0.25393614172935486 0.256194531917572
0.2537117600440979 0.2792871594429016
0.25343894958496094 0.2559301555156708
0.2531406581401825 0.27009981870651245
0.25268012285232544 0.2722466289997101
0.25257936120033264 0.25476452708244324
0.2524864971637726 0.2527996301651001
0.2520296573638916 0.2583004832267761
0.25182411074638367 0.2529825270175934
0.25154009461402893 0.2624514698982239
0.2514684796333313 0.25461116433143616
0.2510563135147095 0.26003381609916687
0.25097349286079407 0.2621597647666931
0.2508290708065033 0.25766539573669434
0.25081658363342285 0.25515487790107727
0.2507699429988861 0.27043116092681885
0.25074872374534607 0.2508905231952667
0.2506369948387146 0.2545543313026428
0.25036171078681946 0.25094902515411377
0.25029170513153076 0.2537325918674469
0.25022390484809875 0.2621190845966339
0.25015026330947876 0.25239476561546326
0.25013989210128784 0.25928276777267456
0.2498428076505661 0.25130194425582886
0.2496475726366043 0.25335371494293213
0.2494783103466034 0.26639148592948914
0.24928952753543854 0.25396373867988586
0.24905438721179962 0.24979379773139954
0.24904610216617584 0.24970322847366333
0.24847513437271118 0.26397255063056946
0.24845173954963684 0.2557307481765747
0.2483050376176834 0.2492368221282959
0.24821537733078003 0.24886131286621094
0.24769830703735352 0.2541493773460388
0.2476881742477417 0.249764546751976
0.24753256142139435 0.2528684437274933
0.24736954271793365 0.2519616186618805
0.2471408247947693 0.2712985575199127
0.24708642065525055 0.24810735881328583
0.24692384898662567 0.2530040442943573
0.246871218085289 0.25170233845710754
0.24684938788414001 0.2515830993652344
0.2467411458492279 0.2538120746612549
0.24665939807891846 0.256058007478714
0.24658392369747162 0.26570767164230347
0.24640022218227386 0.24777522683143616
0.24634794890880585 0.2547277808189392
0.2459145337343216 0.24654757976531982
0.24590358138084412 0.25191184878349304
0.2458321452140808 0.2538501024246216
0.2458205670118332 0.24638508260250092
0.24566666781902313 0.25112810730934143
0.245561420917511 0.2550080120563507
0.2455243319272995 0.2557610869407654
0.24552159011363983 0.2590063214302063
0.24551036953926086 0.2660454511642456
0.24462369084358215 0.2655427157878876
0.24435874819755554 0.26523923873901367
0.24433022737503052 0.24928511679172516
0.24416756629943848 0.2498238980770111
0.24411487579345703 0.25956210494041443
0.2440802901983261 0.2632342576980591
0.24403983354568481 0.2502829134464264
0.24396729469299316 0.25421082973480225
0.24379248917102814 0.27281635999679565
0.2436334788799286 0.249043807387352
0.24356576800346375 0.26528245210647583
0.24332180619239807 0.2465447634458542
0.24330787360668182 0.24556630849838257
0.24301958084106445 0.2560581862926483
0.2430010885000229 0.25425517559051514
0.2425239533185959 0.2441439926624298
0.242405965924263 0.25464513897895813
0.24238824844360352 0.2730365991592407
0.24231010675430298 0.24474404752254486
0.24204865097999573 0.24388056993484497
0.2417782098054886 0.25859779119491577
0.24141179025173187 0.24674655497074127
0.24136753380298615 0.24375095963478088
0.24134378135204315 0.24617856740951538
0.2410895675420761 0.24536122381687164
0.24103258550167084 0.25261104106903076
0.24100421369075775 0.2521810531616211
0.2410035878419876 0.2568720281124115
0.24052493274211884 0.24133580923080444
0.2403935045003891 0.24155665934085846
0.24030601978302002 0.2496800571680069
0.24017518758773804 0.2554839253425598
0.24007536470890045 0.27261480689048767
0.24001522362232208 0.2562711834907532
0.2399851381778717 0.24125467240810394
0.23994740843772888 0.24493743479251862
0.2399204522371292 0.24964192509651184
0.2395710051059723 0.25577113032341003
0.2395685464143753 0.24024246633052826
0.23945768177509308 0.23956118524074554
0.23943671584129333 0.24852925539016724
0.23932674527168274 0.24110358953475952
0.23932193219661713 0.266641765832901
0.23893649876117706 0.2581283450126648
0.23870988190174103 0.2483813762664795
0.23866094648838043 0.2520117163658142
0.23858849704265594 0.25074079632759094
0.23855334520339966 0.24909768998622894
0.238467738032341 0.24197253584861755
0.2382878065109253 0.24239058792591095
0.23775766789913177 0.23880501091480255
0.23731178045272827 0.27257540822029114
0.23727767169475555 0.25091391801834106
0.2372082620859146 0.23883885145187378
0.23708346486091614 0.24266137182712555
0.23704488575458527 0.24266789853572845
0.23700818419456482 0.2418888956308365
0.2368784099817276 0.24964621663093567
0.23656123876571655 0.24303165078163147
0.23650185763835907 0.24382463097572327
0.2361224740743637 0.23887377977371216
0.23581983149051666 0.2553901672363281
0.23566934466362 0.2364310622215271
0.2356264442205429 0.2450658082962036
0.23553186655044556 0.24449631571769714
0.23530863225460052 0.24008551239967346
0.23511788249015808 0.24571426212787628
0.23411279916763306 0.2413766086101532
0.2340998351573944 0.23492009937763214
0.23409602046012878 0.2415211796760559
0.23407500982284546 0.24013561010360718
0.23398326337337494 0.27539461851119995
0.23384647071361542 0.24254658818244934
0.23384462296962738 0.25053200125694275
0.23336409032344818 0.24054475128650665
0.23331764340400696 0.23822318017482758
0.23328033089637756 0.2349429875612259
0.23320986330509186 0.23501363396644592
0.23314186930656433 0.23391729593276978
0.23310516774654388 0.2343495488166809
0.23295935988426208 0.25063809752464294
0.2327558845281601 0.2693769335746765
0.23193858563899994 0.23813237249851227
0.23179571330547333 0.23383145034313202
0.23173584043979645 0.277576208114624
0.23172572255134583 0.24317999184131622
0.23161302506923676 0.2594872713088989
0.23154839873313904 0.23583053052425385
0.23152399063110352 0.25447165966033936
0.2313973605632782 0.23194625973701477
0.23123213648796082 0.2410743087530136
0.2311813086271286 0.23695304989814758
0.23113004863262177 0.24609728157520294
0.23108524084091187 0.25634464621543884
0.23071426153182983 0.232390359044075
0.2306595742702484 0.242952361702919
0.2306063324213028 0.2367600053548813
0.23051565885543823 0.23305803537368774
0.23044250905513763 0.245639368891716
0.2302873581647873 0.24456191062927246
0.23024269938468933 0.23171600699424744
0.23018281161785126 0.24234382808208466
0.2301703244447708 0.23044654726982117
0.23011131584644318 0.2372809797525406
0.2301049828529358 0.23055389523506165
0.23009619116783142 0.23397763073444366
0.22993755340576172 0.2340463399887085
0.22989727556705475 0.2391321361064911
0.22989675402641296 0.240009143948555
0.22989521920681 0.24461966753005981
0.2298358976840973 0.247809499502182
0.22970415651798248 0.23203513026237488
0.22958120703697205 0.24542078375816345
0.2292976826429367 0.23196661472320557
0.22906437516212463 0.24970322847366333
0.22900177538394928 0.24640943109989166
0.22895726561546326 0.2304314225912094
0.22894886136054993 0.2305067479610443
0.22881591320037842 0.2304307520389557
0.22863955795764923 0.22984710335731506
0.22858251631259918 0.228986456990242
0.2285570204257965 0.23847028613090515
0.22841854393482208 0.2369682490825653
0.22839708626270294 0.2333870381116867
0.2281290590763092 0.23142096400260925
0.22802338004112244 0.22931897640228271
0.22796624898910522 0.2369290590286255
0.22795797884464264 0.23045963048934937
0.2277638465166092 0.2294221818447113
0.22733262181282043 0.2279505580663681
0.22731658816337585 0.237629234790802
0.22727131843566895 0.23287606239318848
0.22706842422485352 0.2448640912771225
0.22682388126850128 0.23117415606975555
0.22674661874771118 0.23639890551567078
0.22629456222057343 0.22689008712768555
0.2262016087770462 0.2595174312591553
0.22619688510894775 0.22931040823459625
0.2261330634355545 0.22648483514785767
0.22606070339679718 0.2350209355354309
0.22593839466571808 0.22667580842971802
0.22581036388874054 0.2365085482597351
0.22579237818717957 0.22892315685749054
0.22579213976860046 0.22999297082424164
0.225663423538208 0.22777646780014038
0.2256060093641281 0.23572979867458344
0.2254582643508911 0.23182159662246704
0.22542616724967957 0.2627303898334503
0.2253420501947403 0.25621655583381653
0.22529840469360352 0.2279844880104065
0.22526368498802185 0.22527572512626648
0.22512103617191315 0.23133398592472076
0.22502095997333527 0.22680974006652832
0.22499339282512665 0.2262033373117447
0.2249443531036377 0.2567373514175415
0.22489061951637268 0.2310660481452942
0.22487448155879974 0.22584645450115204
0.22481203079223633 0.22605586051940918
0.22476232051849365 0.22672295570373535
0.22456379234790802 0.25076234340667725
0.22448474168777466 0.27303099632263184
0.22446100413799286 0.22539585828781128
0.22445084154605865 0.2645716965198517
0.22417713701725006 0.22555305063724518
0.22408527135849 0.2353147268295288
0.22405585646629333 0.22437749803066254
0.22397609055042267 0.23730887472629547
0.22374430298805237 0.22688907384872437
0.22368355095386505 0.22768853604793549
0.22367630898952484 0.22922362387180328
0.22355319559574127 0.22654688358306885
0.22352807223796844 0.22976143658161163
0.22350025177001953 0.22930218279361725
0.22344614565372467 0.23004260659217834
0.22325432300567627 0.2278297394514084
0.2232530415058136 0.23789726197719574
0.22320732474327087 0.226052388548851
0.2231530249118805 0.24343355000019073
0.22298415005207062 0.2710644006729126
0.2229766547679901 0.2595478892326355
0.22282768785953522 0.24361483752727509
0.22276952862739563 0.2228822112083435
0.22274087369441986 0.2289614975452423
0.22268112003803253 0.2630736529827118
0.22268033027648926 0.22622141242027283
0.22244152426719666 0.22716568410396576
0.22217153012752533 0.23982174694538116
0.2221459150314331 0.228561669588089
0.22207973897457123 0.22728358209133148
0.22203753888607025 0.22397060692310333
0.22200608253479004 0.25492897629737854
0.2219768613576889 0.23556441068649292
0.22167442739009857 0.22418515384197235
0.2215861678123474 0.22468863427639008
0.22121234238147736 0.23378071188926697
0.22117045521736145 0.22269389033317566
0.22112920880317688 0.23358266055583954
0.22100898623466492 0.23154811561107635
0.22092905640602112 0.2221650779247284
0.22087295353412628 0.22437283396720886
0.22082270681858063 0.24302725493907928
0.22061850130558014 0.22240373492240906
0.22056062519550323 0.23186752200126648
0.22043035924434662 0.23337195813655853
0.220429465174675 0.22446376085281372
0.22042928636074066 0.23114727437496185
0.22028054296970367 0.22287577390670776
0.22026552259922028 0.2247106432914734
0.22025206685066223 0.2859957814216614
0.2202410101890564 0.22080601751804352
0.2202177494764328 0.22116321325302124
0.22012721002101898 0.22360365092754364
0.22004619240760803 0.2214287966489792
0.21997666358947754 0.2567565441131592
0.2199210822582245 0.22533030807971954
0.2198612242937088 0.22042545676231384
0.21985140442848206 0.22279278934001923
0.21981368958950043 0.24951030313968658
0.21974919736385345 0.23879562318325043
0.21969185769557953 0.23336736857891083
0.21968263387680054 0.22312194108963013
0.21963168680667877 0.22503481805324554
0.2196054905653 0.2220173478126526
0.21959273517131805 0.22333136200904846
0.21951578557491302 0.21990293264389038
0.21942459046840668 0.22633616626262665
0.21934521198272705 0.2273300290107727
0.21933159232139587 0.22365963459014893
0.21922914683818817 0.2743498682975769
0.2191816121339798 0.22281955182552338
0.21907293796539307 0.23087240755558014
0.21901632845401764 0.22728776931762695
0.21896347403526306 0.2573353350162506
0.2188797891139984 0.22733674943447113
0.21875667572021484 0.21887299418449402
0.2187478393316269 0.22557978332042694
0.21872757375240326 0.21975287795066833
0.21870869398117065 0.2225787341594696
0.21865880489349365 0.22134102880954742
0.21842186152935028 0.22509826719760895
0.2182752788066864 0.22263099253177643
0.21826419234275818 0.22306059300899506
0.21818996965885162 0.2195633351802826
0.21818064153194427 0.22254157066345215
0.2181493490934372 0.21852077543735504
0.21812711656093597 0.22596991062164307
0.21809764206409454 0.22181858122348785
0.21809057891368866 0.24375636875629425
0.21803471446037292 0.22000031173229218
0.21799887716770172 0.22391371428966522
0.21783463656902313 0.22226665914058685
0.21777036786079407 0.218373104929924
0.2177104502916336 0.25464752316474915
0.21762749552726746 0.21832972764968872
0.21761897206306458 0.21939466893672943
0.21752873063087463 0.2272341549396515
0.21750639379024506 0.21824264526367188
0.21747738122940063 0.23218585550785065
0.2174631953239441 0.22775396704673767
0.217446431517601 0.22306223213672638
0.21742764115333557 0.21772441267967224
0.2174212485551834 0.2192070186138153
0.21742014586925507 0.21793684363365173
0.21730376780033112 0.21747075021266937
0.21729084849357605 0.2210446149110794
0.21717967092990875 0.24084874987602234
0.21715602278709412 0.2208017259836197
0.21713894605636597 0.2341247946023941
0.21710138022899628 0.23098494112491608
0.21710096299648285 0.2182909995317459
0.21706941723823547 0.22083930671215057
0.21704979240894318 0.21724426746368408
0.21702483296394348 0.22265543043613434
0.21698002517223358 0.2303938865661621
0.216974675655365 0.30677491426467896
0.21696224808692932 0.22856736183166504
0.21685214340686798 0.23180945217609406
0.21683670580387115 0.22635474801063538
0.21682927012443542 0.21891233325004578
0.21676300466060638 0.21701127290725708
0.21675358712673187 0.21866975724697113
0.21669912338256836 0.21737375855445862
0.2164415419101715 0.21921229362487793
0.21640707552433014 0.21863926947116852
0.21637104451656342 0.21838702261447906
0.21636000275611877 0.22013938426971436
0.21633298695087433 0.2210521697998047
0.21626074612140656 0.22092367708683014
0.2161821871995926 0.2167394459247589
0.2161794900894165 0.21745003759860992
0.21605284512043 0.22750937938690186
0.21600398421287537 0.23223347961902618
0.21595950424671173 0.22206370532512665
0.21589726209640503 0.22403235733509064
0.21587707102298737 0.21652966737747192
0.2158598154783249 0.2293926477432251
0.21556922793388367 0.2188836932182312
0.21549765765666962 0.23154088854789734
0.21541132032871246 0.22661402821540833
0.2153913825750351 0.22034011781215668
0.2153700739145279 0.22885940968990326
0.21523034572601318 0.23232829570770264
0.21517717838287354 0.22038999199867249
0.2151368111371994 0.22712808847427368
0.21506021916866302 0.22151708602905273
0.21503153443336487 0.22193072736263275
0.21494071185588837 0.22756613790988922
0.21492627263069153 0.21519681811332703
0.21491512656211853 0.21993212401866913
0.21485939621925354 0.231135755777359
0.21480384469032288 0.2326832413673401
0.21460890769958496 0.21559911966323853
0.2145647257566452 0.2517760992050171
0.2145615816116333 0.22524471580982208
0.2145518809556961 0.22943523526191711
0.21446500718593597 0.22268342971801758
0.2144010066986084 0.21893273293972015
0.21428576111793518 0.3046305477619171
0.21411676704883575 0.22572122514247894
0.21404583752155304 0.22858655452728271
0.21395081281661987 0.21745003759860992
0.213875412940979 0.2197578251361847
0.21384242177009583 0.2558469772338867
0.21374699473381042 0.21419553458690643
0.21373820304870605 0.22092367708683014
0.21371085941791534 0.2371848076581955
0.2136843502521515 0.23196858167648315
0.21360917389392853 0.23091650009155273
0.21360522508621216 0.22282098233699799
0.21358394622802734 0.2144211083650589
0.21353666484355927 0.22769363224506378
0.21349665522575378 0.23802682757377625
0.21348777413368225 0.2560610771179199
0.21338728070259094 0.22449663281440735
0.2131863683462143 0.22086778283119202
0.213145911693573 0.23061420023441315
0.2131291627883911 0.257643461227417
0.21299763023853302 0.22150683403015137
0.21262787282466888 0.21775265038013458
0.21262149512767792 0.2706683874130249
0.21250009536743164 0.24373005330562592
0.21248966455459595 0.21302831172943115
0.21242493391036987 0.21363528072834015
0.21238592267036438 0.21408484876155853
0.2123640924692154 0.2407304048538208
0.21230293810367584 0.2152348905801773
0.21230162680149078 0.23439307510852814
0.21229766309261322 0.23113903403282166
0.2122195065021515 0.228561669588089
0.21221095323562622 0.22383347153663635
0.212208554148674 0.21236559748649597
0.2121734619140625 0.22654688358306885
0.21212872862815857 0.24346578121185303
0.2121153622865677 0.21866965293884277
0.2120446413755417 0.22760920226573944
0.2119159996509552 0.2274254560470581
0.21189048886299133 0.2139846682548523
0.21183466911315918 0.21629935503005981
0.21178071200847626 0.2154286652803421
0.21173906326293945 0.22103767096996307
0.21168774366378784 0.21626363694667816
0.21168434619903564 0.21414601802825928
0.2116309553384781 0.21874582767486572
0.21161909401416779 0.21274122595787048
0.21159657835960388 0.21268200874328613
0.21157678961753845 0.21655504405498505
0.21157291531562805 0.2153075635433197
0.21153898537158966 0.2559395730495453
0.21137282252311707 0.21150808036327362
0.21137216687202454 0.25090405344963074
0.2113422304391861 0.21594196557998657
0.211198627948761 0.2156025916337967
0.21119216084480286 0.21658213436603546
0.21113398671150208 0.22302058339118958
0.21091656386852264 0.21219898760318756
0.2108648121356964 0.21873319149017334
0.21082663536071777 0.21664182841777802
0.21074901521205902 0.22902259230613708
0.2107117772102356 0.22297687828540802
0.21064387261867523 0.21617552638053894
0.21057547628879547 0.22134636342525482
0.21054303646087646 0.21099600195884705
0.2104984074831009 0.21231310069561005
0.21039164066314697 0.2390497475862503
0.2103801816701889 0.21043157577514648
0.2103656381368637 0.22118207812309265
0.21035170555114746 0.22480791807174683
0.21021993458271027 0.2176666557788849
0.21021859347820282 0.21258635818958282
0.21016792953014374 0.21154318749904633
0.21009787917137146 0.2185715287923813
0.21004152297973633 0.23264378309249878
0.21001344919204712 0.21176964044570923
0.20985445380210876 0.257145494222641
0.20984762907028198 0.21522562205791473
0.20981644093990326 0.21731500327587128
0.20966938138008118 0.2154286652803421
0.20966938138008118 0.2274116575717926
0.20952273905277252 0.2121424823999405
0.20950813591480255 0.24201832711696625
0.20949925482273102 0.21501018106937408
0.20949408411979675 0.21387389302253723
0.20939654111862183 0.22836792469024658
0.20923928916454315 0.22016377747058868
0.20915570855140686 0.22656118869781494
0.20914098620414734 0.2206282913684845
0.20909053087234497 0.20932058990001678
0.20900636911392212 0.22910916805267334
0.20895659923553467 0.22405284643173218
0.20892326533794403 0.2237085998058319
0.20890949666500092 0.21545055508613586
0.20860429108142853 0.2095119059085846
0.20854321122169495 0.257636696100235
0.20853188633918762 0.25922781229019165
0.2085002362728119 0.22367887198925018
0.20840023458003998 0.23899729549884796
0.20838792622089386 0.20915590226650238
0.20837922394275665 0.23572979867458344
0.20834961533546448 0.23152399063110352
0.20827193558216095 0.213181734085083
0.2081598937511444 0.21277469396591187
0.20805799961090088 0.21490183472633362
0.20785637199878693 0.21714317798614502
0.20779632031917572 0.2307722270488739
0.20778203010559082 0.21162700653076172
0.20773018896579742 0.2095613032579422
0.20772628486156464 0.20928269624710083
0.20766614377498627 0.2699125409126282
0.20761272311210632 0.20792539417743683
0.20757444202899933 0.20861944556236267
0.20756810903549194 0.21154113113880157
0.20756135880947113 0.21000395715236664
0.20751284062862396 0.2130506932735443
0.20750924944877625 0.2710624039173126
0.2074824571609497 0.27482548356056213
0.20744751393795013 0.2192167490720749
0.20740357041358948 0.23119695484638214
0.20739872753620148 0.20948916673660278
0.20726251602172852 0.21896344423294067
0.20723505318164825 0.20800985395908356
0.2071911245584488 0.2829841077327728
0.20718353986740112 0.2074628621339798
0.20709946751594543 0.24630048871040344
0.2070665806531906 0.20712009072303772
0.20702888071537018 0.21171928942203522
0.20688095688819885 0.22398553788661957
0.20682236552238464 0.20780889689922333
0.2067980170249939 0.2076031118631363
0.20678220689296722 0.2210259884595871
0.20661413669586182 0.20860733091831207
0.2065858244895935 0.21175187826156616
0.20655415952205658 0.21612213551998138
0.20655064284801483 0.21060580015182495
0.20653694868087769 0.21225416660308838
0.20649398863315582 0.20835112035274506
0.20648588240146637 0.20949861407279968
0.2063860446214676 0.20948520302772522
0.20632296800613403 0.20701509714126587
0.20629462599754333 0.20690710842609406
0.20626117289066315 0.2166120558977127
0.20617249608039856 0.21039365231990814
0.20617027580738068 0.20689229667186737
0.20610582828521729 0.2132105827331543
0.20610472559928894 0.2087540179491043
0.2060365080833435 0.20958244800567627
0.20598779618740082 0.21749339997768402
0.20588456094264984 0.21655592322349548
0.20584577322006226 0.2104138284921646
0.20582665503025055 0.20769451558589935
0.20580518245697021 0.2109067291021347
0.20566140115261078 0.2335154116153717
0.20562738180160522 0.20951753854751587
0.2056231051683426 0.20935243368148804
0.2055610865354538 0.21241028606891632
0.20555265247821808 0.271842896938324
0.20530101656913757 0.24344587326049805
0.20525528490543365 0.21375438570976257
0.2050759196281433 0.2192714959383011
0.2050359547138214 0.20627658069133759
0.20499736070632935 0.21064114570617676
0.20499283075332642 0.2085554599761963
0.2049805372953415 0.2077597677707672
0.2049175202846527 0.20937860012054443
0.2048870474100113 0.2598917484283447
0.20475628972053528 0.20942659676074982
0.20474599301815033 0.21704600751399994
0.20469993352890015 0.21472635865211487
0.20469646155834198 0.20997090637683868
0.20461544394493103 0.21769267320632935
0.2044723480939865 0.21009212732315063
0.20444656908512115 0.2086591273546219
0.20443494617938995 0.23822914063930511
0.20438891649246216 0.207035630941391
0.20438186824321747 0.20687241852283478
0.2043779343366623 0.2109253704547882
0.20431405305862427 0.20583926141262054
0.20429566502571106 0.21295340359210968
0.20426975190639496 0.22464360296726227
0.20423783361911774 0.21782664954662323
0.20420989394187927 0.20870821177959442
0.20414301753044128 0.2048567831516266
0.20410208404064178 0.20795629918575287
0.20409254729747772 0.21622201800346375
0.20405705273151398 0.20951524376869202
0.2040429413318634 0.2215844988822937
0.20395635068416595 0.21386046707630157
0.20377159118652344 0.243280291557312
0.2037670910358429 0.22513335943222046
0.20370858907699585 0.269499272108078
0.2036275565624237 0.20948465168476105
0.2036120891571045 0.22332146763801575
0.20356912910938263 0.2168658822774887
0.20352931320667267 0.20879678428173065
0.20349973440170288 0.20699536800384521
0.20349611341953278 0.22088764607906342
0.2034541219472885 0.20490439236164093
0.2033531367778778 0.20460352301597595
0.20334605872631073 0.22051022946834564
0.20333361625671387 0.2060922384262085
0.20332986116409302 0.20815488696098328
0.2032993584871292 0.21083666384220123
0.20326392352581024 0.20556555688381195
0.20324163138866425 0.20479236543178558
0.2032298743724823 0.20731264352798462
0.20313286781311035 0.2115715742111206
0.2030799388885498 0.20860406756401062
0.20304714143276215 0.21633145213127136
0.20301295816898346 0.20768803358078003
0.20297203958034515 0.21432048082351685
0.20294515788555145 0.20718295872211456
0.2029355764389038 0.2092214673757553
0.20292867720127106 0.21217450499534607
0.20291544497013092 0.20473383367061615
0.20290066301822662 0.20549516379833221
0.20289093255996704 0.20504163205623627
0.2028435915708542 0.2096106857061386
0.20284321904182434 0.2095119059085846
0.2028190791606903 0.2030065804719925
0.20278200507164001 0.2206360548734665
0.2027672827243805 0.20855487883090973
0.2027589976787567 0.20491120219230652
0.20259550213813782 0.2522965967655182
0.20259249210357666 0.20374435186386108
0.2024964690208435 0.20728880167007446
0.2023651897907257 0.20524628460407257
0.20232021808624268 0.22765988111495972
0.20227763056755066 0.2083102911710739
0.20219320058822632 0.20293398201465607
0.20216302573680878 0.2031933069229126
0.20207525789737701 0.20320917665958405
0.2020583599805832 0.20961789786815643
0.20201967656612396 0.20292161405086517
0.20197509229183197 0.20546318590641022
0.20194528996944427 0.263691782951355
0.201928049325943 0.20274688303470612
0.20192429423332214 0.20834627747535706
0.20189759135246277 0.21329990029335022
0.201865553855896 0.20656749606132507
0.20175325870513916 0.2023160606622696
0.2016734480857849 0.20352919399738312
0.20159749686717987 0.21240346133708954
0.20156972110271454 0.21971970796585083
0.20156905055046082 0.20253485441207886
0.2015613615512848 0.20551693439483643
0.20155219733715057 0.23950551450252533
0.2015487104654312 0.23042096197605133
0.20149485766887665 0.22182369232177734
0.20148955285549164 0.2436799705028534
0.20143204927444458 0.25389400124549866
0.2013699859380722 0.20988202095031738
0.20134855806827545 0.20332026481628418
0.20132242143154144 0.20689229667186737
0.20130124688148499 0.20139232277870178
0.20129749178886414 0.20450860261917114
0.20126621425151825 0.20169930160045624
0.20126397907733917 0.21022866666316986
0.201193168759346 0.20636557042598724
0.20118577778339386 0.2071026861667633
0.20118361711502075 0.2268592119216919
0.20117944478988647 0.206553116440773
0.20107178390026093 0.20615258812904358
0.2010703831911087 0.21065747737884521
0.20105527341365814 0.20599780976772308
0.20100989937782288 0.20376521348953247
0.2009422332048416 0.20836660265922546
0.20084179937839508 0.20321063697338104
0.2007921040058136 0.2322891801595688
0.20074713230133057 0.2193051278591156
0.20071999728679657 0.22560501098632812
0.20068958401679993 0.20262810587882996
0.20067986845970154 0.22081053256988525
0.20066691935062408 0.24475371837615967
0.20063163340091705 0.22596652805805206
0.20063063502311707 0.23761384189128876
0.2006087452173233 0.21326902508735657
0.20060662925243378 0.21057800948619843
0.2005978524684906 0.20419226586818695
0.2004428654909134 0.20354855060577393
0.20038022100925446 0.21459291875362396
0.20034509897232056 0.2476024031639099
0.2003108114004135 0.20819377899169922
0.2002904862165451 0.2018914371728897
0.20028112828731537 0.21190743148326874
0.20023593306541443 0.20032216608524323
0.20006848871707916 0.20189660787582397
0.19996359944343567 0.20855934917926788
0.1998581737279892 0.20035889744758606
0.1998380869626999 0.21141688525676727
0.19980791211128235 0.21094340085983276
0.19978708028793335 0.2221449315547943
0.1997823268175125 0.20285728573799133
0.19974516332149506 0.2191620022058487
0.1997351497411728 0.2040991187095642
0.19972315430641174 0.20305027067661285
0.1996898353099823 0.2022472470998764
0.1996414065361023 0.2077711671590805
0.19963611662387848 0.21326814591884613
0.1995646059513092 0.21602784097194672
0.19955773651599884 0.20559994876384735
0.19954821467399597 0.20090806484222412
0.1995268166065216 0.2180427461862564
0.19951766729354858 0.20890171825885773
0.1994970440864563 0.20729273557662964
0.19944502413272858 0.20080865919589996
0.19921164214611053 0.20442910492420197
0.19921091198921204 0.20934677124023438
0.1991008222103119 0.20338566601276398
0.19906120002269745 0.20070196688175201
0.19903379678726196 0.20319035649299622
0.19903020560741425 0.20742647349834442
0.1990109235048294 0.19968898594379425
0.19900919497013092 0.20901358127593994
0.1989457756280899 0.21715964376926422
0.19883370399475098 0.21650351583957672
0.19881126284599304 0.22999176383018494
0.1987135410308838 0.20384465157985687
0.19865460693836212 0.20890171825885773
0.19863423705101013 0.24346712231636047
0.19859297573566437 0.22117622196674347
0.19856399297714233 0.20069603621959686
0.1985209882259369 0.2041713297367096
0.1985042840242386 0.20158767700195312
0.1984178125858307 0.2125987559556961
0.19840894639492035 0.2068656086921692
0.19840286672115326 0.2200929969549179
0.19833534955978394 0.2045234888792038
0.19831378757953644 0.20169347524642944
0.1982017606496811 0.2234005331993103
0.19817964732646942 0.2240692377090454
0.19815924763679504 0.20970846712589264
0.19807851314544678 0.19973470270633698
0.19807304441928864 0.20110954344272614
0.1977660208940506 0.27286750078201294
0.19775229692459106 0.23290883004665375
0.19774079322814941 0.2013312131166458
0.19769182801246643 0.23873811960220337
0.19765813648700714 0.20042400062084198
0.19756489992141724 0.19841212034225464
0.1975187361240387 0.2068103551864624
0.1975056678056717 0.20379117131233215
0.19747182726860046 0.29534974694252014
0.19745442271232605 0.21269431710243225
0.1974489986896515 0.20710375905036926
0.19744184613227844 0.19933059811592102
0.197430819272995 0.20261482894420624
0.19733357429504395 0.2001008540391922
0.19732919335365295 0.21642111241817474
0.1972483992576599 0.2030266970396042
0.19723919034004211 0.21286949515342712
0.19717608392238617 0.19796951115131378
0.19716979563236237 0.20679479837417603
0.19713787734508514 0.2109188735485077
0.1971166878938675 0.2010023444890976
0.1970471739768982 0.27228012681007385
0.19704604148864746 0.19946864247322083
0.19686879217624664 0.2011798471212387
0.19686555862426758 0.20109760761260986
0.1967930942773819 0.20562265813350677
0.19679036736488342 0.20140349864959717
0.19675494730472565 0.2288380265235901
0.19675087928771973 0.19902878999710083
0.19671423733234406 0.22144877910614014
0.19670625030994415 0.2080710232257843
0.19667625427246094 0.20269989967346191
0.19662456214427948 0.20806588232517242
0.19656062126159668 0.20412872731685638
0.19655515253543854 0.19897305965423584
0.19650907814502716 0.20070196688175201
0.1964881867170334 0.20381727814674377
0.19646231830120087 0.20055986940860748
0.1963943988084793 0.19736002385616302
0.1963851898908615 0.1981213539838791
0.19637545943260193 0.19854216277599335
0.19637545943260193 0.2013908326625824
0.19634190201759338 0.21894799172878265
0.19633078575134277 0.20570442080497742
0.1962728500366211 0.1999605894088745
0.19622956216335297 0.21124564111232758
0.19621065258979797 0.1971001774072647
0.19608603417873383 0.20285649597644806
0.19604270160198212 0.20351359248161316
0.19599688053131104 0.20958273112773895
0.19595101475715637 0.23458372056484222
0.19590280950069427 0.2009287178516388
0.19587735831737518 0.20140349864959717
0.19568663835525513 0.20178793370723724
0.19567440450191498 0.19658316671848297
0.19566026329994202 0.2046307921409607
0.19556695222854614 0.2030356377363205
0.1955432891845703 0.2194565087556839
0.19546723365783691 0.2003106325864792
0.19541248679161072 0.2502354085445404
0.19539108872413635 0.213018000125885
0.19538764655590057 0.2158985584974289
0.19525665044784546 0.2152644246816635
0.1951870173215866 0.19749779999256134
0.1950833946466446 0.19706331193447113
0.19507449865341187 0.19882263243198395
0.19504937529563904 0.21107186377048492
0.19494809210300446 0.22153374552726746
0.19494175910949707 0.2000245302915573
0.1949259340763092 0.21649295091629028
0.19491834938526154 0.20682784914970398
0.19477787613868713 0.2006388008594513
0.19472236931324005 0.1978987157344818
0.19470423460006714 0.2546772062778473
0.19470326602458954 0.19651134312152863
0.19462589919567108 0.1981813758611679
0.1945890486240387 0.21691551804542542
0.19455312192440033 0.20246757566928864
0.19451361894607544 0.22913885116577148
0.19450730085372925 0.2035989761352539
0.19447532296180725 0.197082981467247
0.19442887604236603 0.19739799201488495
0.19436727464199066 0.20689721405506134
0.19436191022396088 0.19798094034194946
0.1942635327577591 0.2002359926700592
0.19420841336250305 0.20321065187454224
0.19412653148174286 0.2017717957496643
0.19406798481941223 0.2235688865184784
0.19403517246246338 0.20096047222614288
0.19399750232696533 0.21139445900917053
0.1939808428287506 0.19716468453407288
0.19397951662540436 0.22604291141033173
0.19395466148853302 0.2021951824426651
0.19392794370651245 0.19708262383937836
0.19391578435897827 0.210335373878479
0.1938457190990448 0.19711877405643463
0.19381386041641235 0.21062231063842773
0.19380596280097961 0.2013036459684372
0.19380033016204834 0.19500845670700073
0.19379302859306335 0.1982177048921585
0.19378191232681274 0.19680048525333405
0.19363509118556976 0.20909306406974792
0.19362884759902954 0.20337381958961487
0.1936252862215042 0.20863446593284607
0.19359354674816132 0.1992446780204773
0.19358068704605103 0.23300836980342865
0.1935766190290451 0.21394050121307373
0.1935443878173828 0.19877637922763824
0.19353872537612915 0.19447246193885803
0.1935117244720459 0.20182102918624878
0.19338960945606232 0.20187947154045105
0.19332219660282135 0.218746155500412
0.19317367672920227 0.19708262383937836
0.19308751821517944 0.19317728281021118
0.19308580458164215 0.19506745040416718
0.1930292248725891 0.1938447505235672
0.19294898211956024 0.20223940908908844
0.1929156482219696 0.1994956135749817
0.19290144741535187 0.19320476055145264
0.19288195669651031 0.24396976828575134
0.19284915924072266 0.1935034692287445
0.19283010065555573 0.20812241733074188
0.19282746315002441 0.1945151686668396
0.19278669357299805 0.2199377566576004
0.19278620183467865 0.2078121453523636
0.19278350472450256 0.194195955991745
0.1927768886089325 0.1949409693479538
0.19275175034999847 0.20481112599372864
0.19270485639572144 0.2227347046136856
0.19262021780014038 0.1942806988954544
0.1925869733095169 0.19313958287239075
0.1925758272409439 0.2960282564163208
0.1925569325685501 0.19861286878585815
0.1925373673439026 0.2632230520248413
0.19252067804336548 0.20088838040828705
0.19252023100852966 0.2011219710111618
0.19251777231693268 0.21479718387126923
0.19245588779449463 0.1933155655860901
0.192444309592247 0.20046982169151306
0.1924440711736679 0.19253875315189362
0.19242419302463531 0.19324874877929688
0.19239076972007751 0.25862210988998413
0.19237120449543 0.21652674674987793
0.19234226644039154 0.20291705429553986
0.19227440655231476 0.20207169651985168
0.1922682821750641 0.19983693957328796
0.1922052502632141 0.2161179780960083
0.19219906628131866 0.20681977272033691
0.1921948790550232 0.19437842071056366
0.19213423132896423 0.19368675351142883
0.19200323522090912 0.19439539313316345
0.19199973344802856 0.209852397441864
0.19197244942188263 0.20869910717010498
0.19193433225154877 0.21287383139133453
0.19191089272499084 0.2012947052717209
0.1918783187866211 0.20896409451961517
0.1918696165084839 0.22135820984840393
0.19186675548553467 0.19697949290275574
0.19184529781341553 0.2058962881565094
0.1918432116508484 0.2567310333251953
0.19179317355155945 0.192159965634346
0.1917574554681778 0.22108638286590576
0.19172126054763794 0.19564707577228546
0.19172002375125885 0.1954987794160843
0.19169944524765015 0.2090318202972412
0.19154976308345795 0.19936156272888184
0.19154104590415955 0.19607621431350708
0.1915384829044342 0.2133108228445053
0.19149452447891235 0.2109188735485077
0.1913910210132599 0.21701838076114655
0.19137445092201233 0.19279134273529053
0.19137011468410492 0.2019580602645874
0.19131223857402802 0.21380400657653809
0.19124844670295715 0.19552363455295563
0.19118639826774597 0.29027485847473145
0.1911323368549347 0.19314666092395782
0.19105736911296844 0.2706715166568756
0.19105352461338043 0.20538106560707092
0.19101135432720184 0.19134719669818878
0.1909554898738861 0.19171959161758423
0.19084836542606354 0.20835059881210327
0.19079400599002838 0.19134026765823364
0.19079022109508514 0.19396767020225525
0.19078855216503143 0.20231425762176514
0.1906636506319046 0.19423027336597443
0.19063444435596466 0.20593316853046417
0.19054429233074188 0.2172083556652069
0.19052056968212128 0.1960989087820053
0.1905108094215393 0.19277870655059814
0.19050921499729156 0.19950391352176666
0.19047975540161133 0.2080817073583603
0.19039349257946014 0.2116301953792572
0.19035188853740692 0.19643856585025787
0.19033494591712952 0.2070879489183426
0.1902846097946167 0.21538697183132172
0.19021080434322357 0.1940874308347702
0.1902029663324356 0.19112424552440643
0.1901724487543106 0.19187068939208984
0.19006173312664032 0.21380400657653809
0.1899825781583786 0.218017116189003
0.1899423897266388 0.2210594266653061
0.18973831832408905 0.19051362574100494
0.18963797390460968 0.19758428633213043
0.18961888551712036 0.19422835111618042
0.18959268927574158 0.19069884717464447
0.1895681619644165 0.21682539582252502
0.18955883383750916 0.2595883905887604
0.18955695629119873 0.194142684340477
0.18950419127941132 0.23399131000041962
0.1894272416830063 0.1927744746208191
0.18942151963710785 0.1932639181613922
0.18941240012645721 0.19203707575798035
0.18940332531929016 0.19731341302394867
0.18931949138641357 0.19867511093616486
0.1892629861831665 0.18993575870990753
0.18923084437847137 0.1900547295808792
0.1891826093196869 0.18921807408332825
0.18915343284606934 0.25713106989860535
0.18902650475502014 0.18908701837062836
0.18898917734622955 0.19630441069602966
0.18896301090717316 0.19313958287239075
0.18895591795444489 0.19037434458732605
0.18885573744773865 0.19591766595840454
0.18880614638328552 0.20607274770736694
0.1887817531824112 0.19856059551239014
0.18877047300338745 0.20501773059368134
0.1887383908033371 0.20458059012889862
0.18872283399105072 0.20492298901081085
0.18871499598026276 0.19902446866035461
0.18869152665138245 0.19104355573654175
0.1886855810880661 0.19839634001255035
0.18857252597808838 0.18981817364692688
0.1885545253753662 0.198280930519104
0.1885543167591095 0.20139960944652557
0.1885468065738678 0.20998086035251617
0.18852795660495758 0.19633731245994568
0.18852795660495758 0.22663742303848267
0.18848620355129242 0.19466060400009155
0.18846073746681213 0.2079530656337738
0.18835575878620148 0.1918911635875702
0.18829020857810974 0.19974137842655182
0.18813247978687286 0.2016351968050003
0.18812698125839233 0.1976325660943985
0.1880330592393875 0.20135809481143951
0.18800334632396698 0.19398757815361023
0.18794935941696167 0.19860747456550598
0.18790902197360992 0.20942160487174988
0.1878966987133026 0.21503423154354095
0.18763947486877441 0.19089855253696442
0.18758371472358704 0.21508942544460297
0.18753935396671295 0.18946892023086548
0.18753691017627716 0.19407354295253754
0.18753626942634583 0.19172537326812744
0.18752256035804749 0.19101135432720184
0.1875050961971283 0.20621144771575928
0.18749962747097015 0.21620751917362213
0.1874253749847412 0.19971562922000885
0.1874086707830429 0.1878117173910141
0.18739664554595947 0.2668995261192322
0.18735525012016296 0.2163754403591156
0.1872337907552719 0.18956586718559265
0.18722325563430786 0.19325263798236847
0.18718883395195007 0.19500190019607544
0.18718883395195007 0.18737046420574188
0.1871865689754486 0.1916637420654297
0.18716102838516235 0.19594930112361908
0.18707458674907684 0.21259041130542755
0.18699537217617035 0.19692721962928772
0.18698997795581818 0.1884946972131729
0.18695633113384247 0.23355364799499512
0.1869446486234665 0.2018854320049286
0.18693768978118896 0.22129108011722565
0.18692736327648163 0.1915978640317917
0.18684755265712738 0.20814275741577148
0.18682266771793365 0.2785898745059967
0.18674474954605103 0.1998061239719391
0.18671703338623047 0.18926076591014862
0.18671441078186035 0.18698285520076752
0.18668845295906067 0.2050565481185913
0.1866385042667389 0.19855394959449768
0.18658137321472168 0.3039354681968689
0.18652988970279694 0.19936156272888184
0.18652066588401794 0.1873909831047058
0.18648627400398254 0.1949254274368286
0.18638548254966736 0.19818231463432312
0.1863735169172287 0.19097468256950378
0.18633206188678741 0.2002592384815216
0.18613314628601074 0.20422272384166718
0.18609870970249176 0.19319577515125275
0.1860620081424713 0.20178458094596863
0.18595698475837708 0.19902947545051575
0.18595361709594727 0.18712151050567627
0.18589679896831512 0.1918075531721115
0.1858881115913391 0.25978735089302063
0.18587861955165863 0.1971912980079651
0.18584614992141724 0.18784384429454803
0.18583863973617554 0.21511442959308624
0.1857360452413559 0.20051391422748566
0.18564842641353607 0.19535982608795166
0.18563628196716309 0.1925816386938095
0.18559181690216064 0.20849601924419403
0.1855800300836563 0.19145847856998444
0.18557792901992798 0.19381049275398254
0.185559943318367 0.1880873441696167
0.18548819422721863 0.1899079531431198
0.18542949855327606 0.2046651393175125
0.18539126217365265 0.18714740872383118
0.1852610856294632 0.1878053992986679
0.18517500162124634 0.19339343905448914
0.18513616919517517 0.18623125553131104
0.1851121485233307 0.23840467631816864
0.18506768345832825 0.18565009534358978
0.185011625289917 0.2000245302915573
0.18496958911418915 0.19242598116397858
0.18493930995464325 0.2199195772409439
0.18493621051311493 0.18627607822418213
0.1849004626274109 0.20620732009410858
0.18488851189613342 0.1965561956167221
0.1848415583372116 0.18653908371925354
0.18484142422676086 0.19000187516212463
0.184723362326622 0.19509257376194
0.18468275666236877 0.20222207903862
0.18466515839099884 0.18476636707782745
0.18463841080665588 0.20013655722141266
0.18463563919067383 0.1849202811717987
0.18457792699337006 0.2131739854812622
0.18456697463989258 0.23944807052612305
0.18452461063861847 0.20752876996994019
0.1845099925994873 0.1850922405719757
0.18442974984645844 0.19360803067684174
0.18428833782672882 0.22180497646331787
0.18423520028591156 0.21013709902763367
0.184221088886261 0.1901429146528244
0.18411949276924133 0.19146263599395752
0.18410323560237885 0.1897660344839096
0.18410208821296692 0.2019592970609665
0.18402910232543945 0.1962588131427765
0.18376295268535614 0.19909770786762238
0.1837313324213028 0.19605527818202972
0.18363341689109802 0.19287991523742676
0.18362821638584137 0.1868564486503601
0.18362519145011902 0.1912664920091629
0.1835404932498932 0.19244547188282013
0.18353872001171112 0.1923859715461731
0.18348738551139832 0.18502554297447205
0.18348321318626404 0.18758617341518402
0.1834028661251068 0.21410341560840607
0.18327882885932922 0.2010679692029953
0.18325410783290863 0.22492581605911255
0.183230921626091 0.19488340616226196
0.18318717181682587 0.2624945342540741
0.1831846833229065 0.18475817143917084
0.18318291008472443 0.18550309538841248
0.18318048119544983 0.20285192131996155
0.1831510066986084 0.20160922408103943
0.18314696848392487 0.18381963670253754
0.18303336203098297 0.1888553947210312
0.18301166594028473 0.20122238993644714
0.18300776183605194 0.2407715916633606
0.1829867959022522 0.1857975274324417
0.18290838599205017 0.1879309117794037
0.18289396166801453 0.19039177894592285
0.18284709751605988 0.19625157117843628
0.18284441530704498 0.21909862756729126
0.1828167885541916 0.19027072191238403
0.18280582129955292 0.22269003093242645
0.18273204565048218 0.18380938470363617
0.1827075481414795 0.18672846257686615
0.18268543481826782 0.18961837887763977
0.18258455395698547 0.2015516310930252
0.1825830191373825 0.19256582856178284
0.18256127834320068 0.1991949826478958
0.1825283020734787 0.2004828155040741
0.182466521859169 0.18827036023139954
0.18240614235401154 0.18362227082252502
0.1824059784412384 0.21455031633377075
0.18239997327327728 0.22293855249881744
0.18231280148029327 0.19738508760929108
0.18219733238220215 0.2336035817861557
0.18214263021945953 0.18774855136871338
0.18194040656089783 0.27900969982147217
0.18192283809185028 0.18207240104675293
0.18189413845539093 0.19885459542274475
0.1818324774503708 0.25908130407333374
0.18182902038097382 0.18853533267974854
0.18177933990955353 0.19590213894844055
0.18171434104442596 0.2555710971355438
0.18165084719657898 0.20683631300926208
0.1815868616104126 0.18658633530139923
0.1815778911113739 0.1841147243976593
0.18157419562339783 0.18547296524047852
0.1815459132194519 0.18641239404678345
0.18137194216251373 0.1834767609834671
0.1812843382358551 0.20071011781692505
0.1812490075826645 0.2084093540906906
0.18121810257434845 0.19009725749492645
0.1811981201171875 0.1812858283519745
0.18116481602191925 0.20176143944263458
0.18113084137439728 0.21497640013694763
0.1809801310300827 0.18390046060085297
0.18096958100795746 0.18561890721321106
0.18096408247947693 0.1902112513780594
0.1808832436800003 0.19999970495700836
0.18088006973266602 0.20179332792758942
0.1808358132839203 0.19480878114700317
0.18082889914512634 0.27145978808403015
0.1807900220155716 0.24641762673854828
0.1807478368282318 0.1816244274377823
0.1804976463317871 0.18147432804107666
0.1804693639278412 0.18787753582000732
0.18026092648506165 0.22432170808315277
0.18025945127010345 0.19068200886249542
0.18025454878807068 0.19828233122825623
0.18025368452072144 0.22258484363555908
0.1801479458808899 0.18661245703697205
0.1799500435590744 0.18824879825115204
0.17990389466285706 0.20536939799785614
0.17988774180412292 0.18207575380802155
0.17985911667346954 0.1871688812971115
0.17984379827976227 0.20192980766296387
0.17979535460472107 0.19173555076122284
0.17975132167339325 0.19775056838989258
0.17969192564487457 0.21250256896018982
0.17962761223316193 0.20717379450798035
0.1795971393585205 0.19787172973155975
0.1795603483915329 0.1957980841398239
0.17951838672161102 0.20528088510036469
0.17945896089076996 0.20492196083068848
0.17945723235607147 0.184654101729393
0.1794094741344452 0.1906680315732956
0.1793191283941269 0.19445133209228516
0.1792624592781067 0.18549282848834991
0.17923110723495483 0.1793534755706787
0.17918239533901215 0.17956992983818054
0.1791713982820511 0.20444940030574799
0.17914122343063354 0.18402962386608124
0.17901809513568878 0.18582938611507416
0.17894859611988068 0.2173198163509369
0.17888817191123962 0.21664761006832123
0.17884868383407593 0.18703050911426544
0.1788208931684494 0.1991756558418274
0.1788114309310913 0.1886238306760788
0.1787663847208023 0.21128346025943756
0.17869938910007477 0.2199581116437912
0.17869624495506287 0.1926945000886917
0.17868027091026306 0.20763809978961945
0.17865760624408722 0.19317525625228882
0.17861506342887878 0.18219158053398132
0.17857712507247925 0.1906106024980545
0.17855386435985565 0.1885640174150467
0.17847949266433716 0.19500620663166046
0.17837266623973846 0.2245241403579712
0.17835229635238647 0.18006007373332977
0.17834259569644928 0.20434722304344177
0.1782771646976471 0.23347845673561096
0.17822690308094025 0.198128342628479
0.17817087471485138 0.25574734807014465
0.17806990444660187 0.18956318497657776
0.17801238596439362 0.17943544685840607
0.17797356843948364 0.18050935864448547
0.17795008420944214 0.18912789225578308
0.1779128760099411 0.18203184008598328
0.17782193422317505 0.18980032205581665
0.17780041694641113 0.21982909739017487
0.17779766023159027 0.23106178641319275
0.17778003215789795 0.17954111099243164
0.17775432765483856 0.18379132449626923
0.17775379121303558 0.20915530622005463
0.1777014285326004 0.20090806484222412
0.1776827573776245 0.18610703945159912
0.1776605248451233 0.19481514394283295
0.17763741314411163 0.20621733367443085
0.17761768400669098 0.25397688150405884
0.177586629986763 0.1981390118598938
0.17758546769618988 0.19556346535682678
0.17752492427825928 0.21250256896018982
0.17746540904045105 0.18089959025382996
0.17741753160953522 0.18686053156852722
0.17722457647323608 0.18298843502998352
0.1771659404039383 0.2160550206899643
0.17716410756111145 0.19240885972976685
0.17710593342781067 0.20292961597442627
0.1770734339952469 0.18305286765098572
0.177029088139534 0.19518712162971497
0.17697076499462128 0.20801915228366852
0.17691893875598907 0.20403462648391724
0.176885187625885 0.1867515742778778
0.17685821652412415 0.19707269966602325
0.17684334516525269 0.23422221839427948
0.1768118441104889 0.23095570504665375
0.1768103837966919 0.1942247599363327
0.17679372429847717 0.26350894570350647
0.17676733434200287 0.18155694007873535
0.17676639556884766 0.2085554599761963
0.1767069399356842 0.1987643539905548
0.17670322954654694 0.18750056624412537
0.17668132483959198 0.21004794538021088
0.1766655594110489 0.19423671066761017
0.17654110491275787 0.1837853044271469
0.17639416456222534 0.1889168620109558
0.17639391124248505 0.234239861369133
0.17635072767734528 0.213429257273674
0.17633338272571564 0.1783740222454071
0.17630533874034882 0.1882818341255188
0.1762591004371643 0.17834250628948212
0.17624792456626892 0.2961188554763794
0.17619182169437408 0.19741517305374146
0.1760328710079193 0.20179332792758942
0.17597241699695587 0.18260204792022705
0.17592589557170868 0.26164719462394714
0.17588013410568237 0.19566813111305237
0.1758212447166443 0.23637326061725616
0.175639808177948 0.1757858693599701
0.17563462257385254 0.19970403611660004
0.17555107176303864 0.19695152342319489
0.17549529671669006 0.2247716188430786
0.1754712462425232 0.20886102318763733
0.17539261281490326 0.17665384709835052
0.17536205053329468 0.18192435801029205
0.17528025805950165 0.22265352308750153
0.17512857913970947 0.18325498700141907
0.17512013018131256 0.20276965200901031
0.1750803291797638 0.21409332752227783
0.17507252097129822 0.19802454113960266
0.1750667840242386 0.17599977552890778
0.17497994005680084 0.205004021525383
0.17491546273231506 0.23732644319534302
0.17474627494812012 0.1780499666929245
0.1747054159641266 0.19042006134986877
0.17464816570281982 0.19347405433654785
0.17463937401771545 0.21276921033859253
0.17463327944278717 0.2490755319595337
0.17462743818759918 0.22035309672355652
0.17460507154464722 0.24786466360092163
0.1745912730693817 0.1907087117433548
0.17458078265190125 0.17646732926368713
0.17448553442955017 0.1791037619113922
0.17446228861808777 0.18089532852172852
0.17437204718589783 0.1910802721977234
0.17436020076274872 0.191899374127388
0.17433302104473114 0.17481538653373718
0.1743139624595642 0.24161839485168457
0.17429736256599426 0.19594570994377136
0.17421449720859528 0.19433900713920593
0.17418146133422852 0.1743568778038025
0.17417842149734497 0.18406923115253448
0.17408055067062378 0.1801033318042755
0.17407016456127167 0.1841677725315094
0.1739012598991394 0.17834380269050598
0.1738623082637787 0.17646902799606323
0.17383655905723572 0.1963280737400055
0.1738346964120865 0.17812447249889374
0.17373690009117126 0.18005502223968506
0.17370550334453583 0.20034845173358917
0.17368635535240173 0.17868390679359436
0.1736076921224594 0.19607621431350708
0.17354841530323029 0.18375511467456818
0.1734759658575058 0.17679281532764435
0.17338278889656067 0.20128847658634186
0.17333805561065674 0.22384414076805115
0.17332881689071655 0.18364402651786804
0.17332735657691956 0.17915457487106323
0.17332391440868378 0.1854599118232727
0.17327755689620972 0.20314738154411316
0.17327137291431427 0.26682254672050476
0.17324604094028473 0.19556346535682678
0.17319956421852112 0.19339390099048615
0.1731313318014145 0.18438608944416046
0.17301711440086365 0.20712170004844666
0.17292986810207367 0.1734197437763214
0.17289528250694275 0.18649230897426605
0.17284877598285675 0.19204553961753845
0.17282366752624512 0.190194770693779
0.17282097041606903 0.20813502371311188
0.1727534681558609 0.18459276854991913
0.17265543341636658 0.17787869274616241
0.1726549118757248 0.20704670250415802
0.17263397574424744 0.18093781173229218
0.17260439693927765 0.2955586314201355
0.17251965403556824 0.20790675282478333
0.17229726910591125 0.19661396741867065
0.17216837406158447 0.20492567121982574
0.1721104234457016 0.17926892638206482
0.17204080522060394 0.19406256079673767
0.17201456427574158 0.26100999116897583
0.1718638688325882 0.20256371796131134
0.17185863852500916 0.20156633853912354
0.1717459112405777 0.1857827752828598
0.1716650277376175 0.202208012342453
0.17162775993347168 0.21818415820598602
0.1716180294752121 0.23238734900951385
0.17161275446414948 0.1932584047317505
0.17160221934318542 0.19579392671585083
0.17157532274723053 0.18854816257953644
0.17154404520988464 0.214847594499588
0.17151804268360138 0.18322166800498962
0.1714911311864853 0.17707131803035736
0.1712637096643448 0.18090516328811646
0.17114321887493134 0.22595572471618652
0.171125590801239 0.1718638688325882
0.17108584940433502 0.18469946086406708
0.1710706651210785 0.1787860095500946
0.1709558367729187 0.19929751753807068
0.17089055478572845 0.20506392419338226
0.17088764905929565 0.19435738027095795
0.17082856595516205 0.18196310102939606
0.17062681913375854 0.22553707659244537
0.17051814496517181 0.17723481357097626
0.17050732672214508 0.17470386624336243
0.170396625995636 0.19801385700702667
0.17022281885147095 0.2638078033924103
0.17022138833999634 0.18621066212654114
0.17021189630031586 0.18824495375156403
0.17014308273792267 0.1758473813533783
0.17010366916656494 0.25546160340309143
0.1699163317680359 0.19551043212413788
0.16986390948295593 0.21275942027568817
0.16984106600284576 0.20712290704250336
0.16981366276741028 0.17150664329528809
0.1696082502603531 0.21545064449310303
0.16958320140838623 0.20820485055446625
0.16957850754261017 0.21021141111850739
0.169520765542984 0.20497050881385803
0.1693643182516098 0.19013802707195282
0.1693069040775299 0.16954967379570007
0.16929005086421967 0.20863446593284607
0.16927029192447662 0.1955372542142868
0.16897843778133392 0.2394837588071823
0.16893771290779114 0.17346443235874176
0.1688169687986374 0.2098263055086136
0.16877950727939606 0.2094816416501999
0.16871318221092224 0.1759362369775772
0.16862016916275024 0.17026785016059875
0.16848672926425934 0.20660972595214844
0.16847217082977295 0.16854335367679596
0.1683177649974823 0.16996584832668304
0.16816399991512299 0.20055851340293884
0.1680760234594345 0.1753554344177246
0.1679914891719818 0.18563765287399292
0.16794118285179138 0.2013387382030487
0.16792793571949005 0.18950891494750977
0.16788409650325775 0.17013518512248993
0.16785529255867004 0.23929879069328308
0.16784828901290894 0.1753886491060257
0.16776473820209503 0.17931368947029114
0.16770301759243011 0.17741958796977997
0.16767936944961548 0.22443540394306183
0.16763967275619507 0.1710197627544403
0.16763827204704285 0.1721370965242386
0.167573481798172 0.17257030308246613
0.1674068719148636 0.21011090278625488
0.1672709435224533 0.2265467345714569
0.1672443151473999 0.24232639372348785
0.16720685362815857 0.19081784784793854
0.16709423065185547 0.16796109080314636
0.16706286370754242 0.21090006828308105
0.1669943481683731 0.18534691631793976
0.1669897586107254 0.27068498730659485
0.1669832020998001 0.16738368570804596
0.16697163879871368 0.21542438864707947
0.16694538295269012 0.1705075055360794
0.16687659919261932 0.26349353790283203
0.16681310534477234 0.1717810183763504
0.16680534183979034 0.16697388887405396
0.16679520905017853 0.20987175405025482
0.1667371541261673 0.1674043834209442
0.16663451492786407 0.20875200629234314
0.16663259267807007 0.24404126405715942
0.16657644510269165 0.21804866194725037
0.16657283902168274 0.2316974699497223
0.16650789976119995 0.1790231615304947
0.16644106805324554 0.26590004563331604
0.1662316471338272 0.25930309295654297
0.16611282527446747 0.20249395072460175
0.16576963663101196 0.20273485779762268
0.1655532568693161 0.20575521886348724
0.16551126539707184 0.19722487032413483
0.16550791263580322 0.18472282588481903
0.1653771698474884 0.17509819567203522
0.16534309089183807 0.17592279613018036
0.16534049808979034 0.24828560650348663
0.16532985866069794 0.2162952423095703
0.16523480415344238 0.20015743374824524
0.165172278881073 0.20273828506469727
0.1651468425989151 0.20367759466171265
0.16506728529930115 0.2784217894077301
0.16498823463916779 0.23297040164470673
0.16493616998195648 0.1654612272977829
0.16480806469917297 0.17155297100543976
0.1647813767194748 0.2563345730304718
0.16476091742515564 0.1659226268529892
0.1646641194820404 0.24651482701301575
0.16449245810508728 0.16562025249004364
0.16424715518951416 0.21150895953178406
0.16423873603343964 0.1891002655029297
0.1641940325498581 0.16896508634090424
0.1641896516084671 0.21768444776535034
0.16417106986045837 0.19416464865207672
0.16410736739635468 0.19651134312152863
0.1640956699848175 0.1748257428407669
0.1640460044145584 0.17444168031215668
0.1639893651008606 0.19504734873771667
0.1639874130487442 0.17843718826770782
0.16395515203475952 0.20295800268650055
0.1635524332523346 0.2589229941368103
0.16341263055801392 0.1779875010251999
0.16335105895996094 0.20069673657417297
0.1633162945508957 0.19830892980098724
0.16326481103897095 0.2525758445262909
0.16318875551223755 0.20467548072338104
0.16308258473873138 0.16498315334320068
0.16299977898597717 0.22436292469501495
0.162997767329216 0.1656944453716278
0.16299067437648773 0.16804954409599304
0.16289152204990387 0.20279726386070251
0.16287921369075775 0.196522057056427
0.16259658336639404 0.19572289288043976
0.16254521906375885 0.19433143734931946
0.16253052651882172 0.2581002116203308
0.16250160336494446 0.24136321246623993
0.16227753460407257 0.16702434420585632
0.16205178201198578 0.17064465582370758
0.16202887892723083 0.16598975658416748
0.16200657188892365 0.18968679010868073
0.1620025336742401 0.18766720592975616
0.16198648512363434 0.2053685039281845
0.16188891232013702 0.20009055733680725
0.16181907057762146 0.18276166915893555
0.16179394721984863 0.19540411233901978
0.1617313176393509 0.19653071463108063
0.16162273287773132 0.16574214398860931
0.16159553825855255 0.1848994642496109
0.16150343418121338 0.18022893369197845
0.161473348736763 0.16738106310367584
0.16119205951690674 0.21268890798091888
0.1611773818731308 0.20845717191696167
0.1610218584537506 0.17029227316379547
0.16096897423267365 0.2043447345495224
0.16071689128875732 0.1623934656381607
0.16068845987319946 0.1987093836069107
0.16065764427185059 0.204225093126297
0.16053438186645508 0.19608037173748016
0.16034385561943054 0.19726626574993134
0.16025221347808838 0.2004828155040741
0.16017009317874908 0.16783477365970612
0.1601570099592209 0.21769976615905762
0.1601238250732422 0.2069358080625534
0.16009484231472015 0.20663601160049438
0.16009138524532318 0.24531343579292297
0.16004671156406403 0.16044297814369202
0.15999378263950348 0.1629762500524521
0.15978948771953583 0.20931215584278107
0.1597394496202469 0.20899203419685364
0.15971659123897552 0.2041209638118744
0.15971414744853973 0.1819319874048233
0.15966396033763885 0.19758428633213043
0.15955005586147308 0.2007775902748108
0.15940573811531067 0.20664285123348236
0.1592116802930832 0.19832997024059296
0.15920470654964447 0.18593639135360718
0.15890485048294067 0.20701579749584198
0.15889358520507812 0.2060922384262085
0.1587992161512375 0.1640978902578354
0.15871351957321167 0.20465639233589172
0.15871171653270721 0.21313664317131042
0.15864507853984833 0.16079309582710266
0.15829607844352722 0.258007287979126
0.1582464873790741 0.21326781809329987
0.15817737579345703 0.18224897980690002
0.1581154614686966 0.2270779013633728
0.15805277228355408 0.18323984742164612
0.15801683068275452 0.19413897395133972
0.15800116956233978 0.21374362707138062
0.1578715592622757 0.21083123981952667
0.1578507274389267 0.15988348424434662
0.15784043073654175 0.18271121382713318
0.15782807767391205 0.2046399712562561
0.15777188539505005 0.2149396389722824
0.15766295790672302 0.17271745204925537
0.15755662322044373 0.1584293246269226
0.15748651325702667 0.23631660640239716
0.15747545659542084 0.20440450310707092
0.15738607943058014 0.17659996449947357
0.15722575783729553 0.16327433288097382
0.1572229266166687 0.2743707597255707
0.15721364319324493 0.1922762542963028
0.15705305337905884 0.18752391636371613
0.15691886842250824 0.1913052201271057
0.15681138634681702 0.19893841445446014
0.15672750771045685 0.2628115713596344
0.15658776462078094 0.15885238349437714
0.15652577579021454 0.19980578124523163
0.1565161645412445 0.15833650529384613
0.1564372032880783 0.1567656248807907
0.15623226761817932 0.17662572860717773
0.15614289045333862 0.252896249294281
0.15609164535999298 0.1941450983285904
0.15598204731941223 0.200849249958992
0.15595252811908722 0.17207349836826324
0.15593552589416504 0.2050565481185913
0.15590058267116547 0.1872757077217102
0.15583282709121704 0.24305257201194763
0.15562283992767334 0.26126736402511597
0.15557345747947693 0.22161619365215302
0.15556956827640533 0.15801984071731567
0.15555520355701447 0.1744585633277893
0.15541058778762817 0.2065262645483017
0.15540415048599243 0.16631819307804108
0.1553865224123001 0.15585605800151825
0.15531902015209198 0.20493042469024658
0.15514542162418365 0.15797680616378784
0.15510177612304688 0.20790305733680725
0.15509022772312164 0.19656024873256683
0.15502957999706268 0.21656478941440582
0.15488101541996002 0.21823106706142426
0.15488101541996002 0.21952767670154572
0.1548183411359787 0.198478102684021
0.15476004779338837 0.16371288895606995
0.15440627932548523 0.2391798347234726
0.15418340265750885 0.21074138581752777
0.15414811670780182 0.23038429021835327
0.15393655002117157 0.20345927774906158
0.1538519710302353 0.20136375725269318
0.15377305448055267 0.19624517858028412
0.15375974774360657 0.206790491938591
0.1535283327102661 0.19809287786483765
0.15340808033943176 0.16236187517642975
0.1532742977142334 0.20465639233589172
0.153206467628479 0.1999054253101349
0.15304744243621826 0.20659568905830383
0.15304593741893768 0.19108110666275024
0.15285611152648926 0.23242272436618805
0.1527695655822754 0.21361395716667175
0.15276816487312317 0.23777472972869873
0.15256136655807495 0.15317630767822266
0.152481347322464 0.20189796388149261
0.15241649746894836 0.20602238178253174
0.15239167213439941 0.15388937294483185
0.1522293984889984 0.1809629201889038
0.15207961201667786 0.21448811888694763
0.15196585655212402 0.19212454557418823
0.15196335315704346 0.1916264295578003
0.15194903314113617 0.20322425663471222
0.1519462764263153 0.2054930180311203
0.15193451941013336 0.20288287103176117
0.15179511904716492 0.1966966986656189
0.15170474350452423 0.2009720355272293
0.1516847014427185 0.21971915662288666
0.15164920687675476 0.2002870887517929
0.15156179666519165 0.15468956530094147
0.15136785805225372 0.2256559133529663
0.1513214409351349 0.1922779232263565
0.15129415690898895 0.279146283864975
0.1512073427438736 0.20605964958667755
0.15119940042495728 0.21006572246551514
0.15113437175750732 0.18544644117355347
0.15113437175750732 0.2512820065021515
0.15084250271320343 0.15614676475524902
0.15080878138542175 0.22092340886592865
0.1507541388273239 0.2980537712574005
0.15073274075984955 0.30015310645103455
0.1507016271352768 0.15550318360328674
0.15066292881965637 0.20200331509113312
0.1500309258699417 0.15687118470668793
0.14999710023403168 0.16262803971767426
0.14997446537017822 0.19764430820941925
0.1498899906873703 0.16230231523513794
0.1498311311006546 0.20009252429008484
0.14980290830135345 0.20691274106502533
0.1497802734375 0.2307245284318924
0.14946334064006805 0.20260943472385406
0.14920677244663239 0.20095807313919067
0.1491902768611908 0.2854650020599365
0.14910070598125458 0.2021719515323639
0.14905492961406708 0.15420548617839813
0.14903412759304047 0.26057878136634827
0.1489998698234558 0.26641646027565
0.14890436828136444 0.18630950152873993
0.14882206916809082 0.15644696354866028
0.14850541949272156 0.16127708554267883
0.14850077033042908 0.16325560212135315
0.14818426966667175 0.28341570496559143
0.14813068509101868 0.16066201031208038
0.14809192717075348 0.20412848889827728
0.14808376133441925 0.24862906336784363
0.14799107611179352 0.15389688313007355
0.14784125983715057 0.15739873051643372
0.14779461920261383 0.2944103181362152
0.14762026071548462 0.2104737013578415
0.1475999355316162 0.16078880429267883
0.14749349653720856 0.20333489775657654
0.14743775129318237 0.22140803933143616
0.14743272960186005 0.23902079463005066
0.14736007153987885 0.21088793873786926
0.14730271697044373 0.22093209624290466
0.14712566137313843 0.20240581035614014
0.14707522094249725 0.20600493252277374
0.14704866707324982 0.28704673051834106
0.1470182240009308 0.23442697525024414
0.14689159393310547 0.20213831961154938
0.1468757688999176 0.1578437238931656
0.1466141939163208 0.20285649597644806
0.14625480771064758 0.15501518547534943
0.14614954590797424 0.2066270112991333
0.14614072442054749 0.20899049937725067
0.14610427618026733 0.20647545158863068
0.1458650678396225 0.2239098697900772
0.14586487412452698 0.2529698610305786
0.14574408531188965 0.22372852265834808
0.14559955894947052 0.31089574098587036
0.14546449482440948 0.1807713806629181
0.14489440619945526 0.20913265645503998
0.14484329521656036 0.1455485075712204
0.14467857778072357 0.20761695504188538
0.14455902576446533 0.2058819979429245
0.14444826543331146 0.1592116802930832
0.14431819319725037 0.21073423326015472
0.1442473977804184 0.17057865858078003
0.14344236254692078 0.20609012246131897
0.14337705075740814 0.22017812728881836
0.14337147772312164 0.1957980841398239
0.1433400809764862 0.20394758880138397
0.14332745969295502 0.2930064797401428
0.14318595826625824 0.20703260600566864
0.142935648560524 0.16862745583057404
0.14284229278564453 0.2099236249923706
0.14278347790241241 0.1989263892173767
0.142607644200325 0.20674727857112885
0.14251761138439178 0.26245468854904175
0.14246255159378052 0.19696059823036194
0.14246013760566711 0.2033626139163971
0.1424490362405777 0.2104569375514984
0.14236854016780853 0.20243379473686218
0.14229466021060944 0.20524412393569946
0.14213405549526215 0.2074449509382248
0.14195534586906433 0.20103037357330322
0.14161768555641174 0.22036337852478027
0.14144784212112427 0.14888237416744232
0.14133325219154358 0.14418622851371765
0.1413123905658722 0.22864505648612976
0.14131146669387817 0.14151957631111145
0.14126645028591156 0.21244631707668304
0.14124946296215057 0.20922856032848358
0.14103059470653534 0.16118545830249786
0.14092209935188293 0.24318987131118774
0.14092209935188293 0.22162385284900665
0.14084963500499725 0.2057957947254181
0.14079375565052032 0.31425926089286804
0.1407436728477478 0.2768104076385498
0.1406981498003006 0.17643190920352936
0.14063480496406555 0.21314460039138794
0.14037838578224182 0.2867189645767212
0.1402122676372528 0.2071370631456375
0.13980282843112946 0.240951806306839
0.13946203887462616 0.20293748378753662
0.1391259878873825 0.24367943406105042
0.1391199827194214 0.2021307498216629
0.13874278962612152 0.2215486615896225
0.13868297636508942 0.22889381647109985
0.13863766193389893 0.23364098370075226
0.13855013251304626 0.20202139019966125
0.13849039375782013 0.19937527179718018
0.13849025964736938 0.2571093440055847
0.13795912265777588 0.20555827021598816
0.13773183524608612 0.146497443318367
0.13719843327999115 0.2108115255832672
0.13715732097625732 0.21648041903972626
0.13698580861091614 0.1869543194770813
0.13676169514656067 0.20635147392749786
0.13610327243804932 0.2318277806043625
0.1360519379377365 0.2077113687992096
0.1358134001493454 0.25377026200294495
0.1356942504644394 0.2140086442232132
0.1355847269296646 0.22836792469024658
0.13519182801246643 0.21088533103466034
0.1351902335882187 0.22427114844322205
0.13499870896339417 0.22797173261642456
0.13496413826942444 0.22953709959983826
0.13494813442230225 0.3272038698196411
0.13491719961166382 0.31651023030281067
0.13399817049503326 0.23652265965938568
0.13386063277721405 0.21363700926303864
0.13379813730716705 0.21071839332580566
0.13341839611530304 0.21283991634845734
0.13298800587654114 0.224314883351326
0.13194404542446136 0.24531322717666626
0.13181842863559723 0.3104148209095001
0.13175150752067566 0.2950788736343384
0.13126066327095032 0.2083052396774292
0.13116706907749176 0.21391509473323822
0.13093119859695435 0.3090726137161255
0.1307665854692459 0.13909496366977692
0.13069398701190948 0.2048913687467575
0.13051022589206696 0.26384904980659485
0.13046926259994507 0.21707777678966522
0.1303098201751709 0.3129574656486511
0.13001704216003418 0.22380737960338593
0.1294521987438202 0.22808274626731873
0.1294093132019043 0.20453466475009918
0.12936221063137054 0.24453559517860413
0.12841066718101501 0.23118340969085693
0.12822222709655762 0.24132771790027618
0.12816712260246277 0.2632542550563812
0.12801487743854523 0.24504148960113525
0.12778212130069733 0.31385937333106995
0.12717047333717346 0.21604879200458527
0.1269194632768631 0.24326138198375702
0.12679854035377502 0.12948517501354218
0.12622155249118805 0.2375718057155609
0.12615573406219482 0.21600601077079773
0.12531432509422302 0.26733702421188354
0.12490904331207275 0.23203502595424652
0.1224772185087204 0.25396373867988586
0.12230118364095688 0.22001945972442627
0.1221761405467987 0.2111120969057083
0.12189745903015137 0.28629761934280396
0.12150119245052338 0.21204695105552673
0.12042773514986038 0.30939146876335144
0.1194186732172966 0.25642791390419006
0.11725770682096481 0.21087054908275604
0.11652162671089172 0.20966580510139465
0.11504685878753662 0.22409015893936157
0.1141371950507164 0.2433609664440155
0.11403753608465195 0.11625519394874573
0.11255145817995071 0.2140684872865677
0.11228432506322861 0.20905277132987976
0.11098215728998184 0.21410329639911652
0.10600797086954117 0.21602581441402435
0.09888250380754471 0.21146011352539062
0.09782341122627258 0.21090564131736755
0.09286194294691086 0.21921083331108093
