177.2431
177.2536
177.2787
177.3037
177.3288
177.3539
177.3789
177.3497
177.3204
177.2912
177.2619
177.2327
177.2222
177.2306
177.239
177.2473
177.2557
177.264
177.2598
177.2557
177.2515
177.2473
177.2431
177.2494
177.2661
177.2828
177.2995
177.3163
177.333
177.3372
177.3413
177.3455
177.3497
177.3539
177.3601
177.3685
177.3768
177.3852
177.3936
177.4019
177.4019
177.4019
177.4019
177.4019
177.4019
177.3873
177.358
177.3288
177.2995
177.2703
177.241
177.2703
177.2995
177.3288
177.358
177.3873
177.3977
177.3894
177.381
177.3727
177.3643
177.356
177.3434
177.3309
177.3183
177.3058
177.2933
177.2807
177.2682
177.2557
177.2431
177.2306
177.2181
177.2264
177.2348
177.2431
177.2515
177.2598
177.2724
177.2891
177.3058
177.3225
177.3392
177.356
177.3727
177.3894
177.4061
177.4228
177.4395
177.4625
177.4918
177.521
177.5503
177.5795
177.6088
177.5879
177.567
177.5461
177.5252
177.5043
177.4897
177.4813
177.473
177.4646
177.4563
177.4479
177.4145
177.381
177.3476
177.3142
177.2807
177.2745
177.2954
177.3163
177.3371
177.358
177.3789
177.3497
177.3204
177.2912
177.2619
177.2327
177.2222
177.2306
177.239
177.2473
177.2557
177.264
177.2766
177.2891
177.3016
177.3142
177.3267
177.3434
177.3643
177.3852
177.4061
177.427
177.4479
177.3978
177.3476
177.2975
177.2473
177.1972
177.1972
177.2473
177.2975
177.3476
177.3978
177.4479
177.4145
177.381
177.3476
177.3142
177.2807
177.2745
177.2954
177.3163
177.3371
177.358
177.3789
177.3915
177.404
177.4165
177.4291
177.4416
177.4291
177.3915
177.3539
177.3163
177.2787
177.241
177.2703
177.2995
177.3288
177.358
177.3873
177.3894
177.3643
177.3392
177.3142
177.2891
177.264
177.2682
177.2724
177.2766
177.2807
177.2849
177.2912
177.2995
177.3079
177.3163
177.3246
177.333
177.3539
177.3748
177.3957
177.4165
177.4374
177.4291
177.3915
177.3539
177.3163
177.2787
177.241
177.2703
177.2995
177.3288
177.358
177.3873
177.3873
177.358
177.3288
177.2995
177.2703
177.241
177.2703
177.2995
177.3288
177.358
177.3873
177.3852
177.3518
177.3183
177.2849
177.2515
177.2181
177.2097
177.2014
177.193
177.1846
177.1763
177.1972
177.2473
177.2975
177.3476
177.3978
177.4479
177.4061
177.3643
177.3225
177.2807
177.239
177.2222
177.2306
177.239
177.2473
177.2557
177.264
177.2975
177.3309
177.3643
177.3978
177.4312
177.4228
177.3727
177.3225
177.2724
177.2222
177.1721
177.2222
177.2724
177.3225
177.3727
177.4228
177.427
177.3852
177.3434
177.3016
177.2599
177.2181
177.2682
177.3183
177.3685
177.4186
177.4688
177.4834
177.4625
177.4416
177.4207
177.3998
177.3789
177.404
177.4291
177.4541
177.4792
177.5043
177.4959
177.4541
177.4124
177.3706
177.3288
177.287
177.3468
177.4065
177.4663
177.526
177.5858
177.5607
177.5356
177.5106
177.4855
177.4604
177.4688
177.5106
177.5524
177.5941
177.6359
177.6777
177.615
177.5524
177.4897
177.427
177.3643
177.356
177.4019
177.4479
177.4939
177.5398
177.5858
177.5482
177.5106
177.473
177.4353
177.3977
177.3685
177.3476
177.3267
177.3058
177.2849
177.264
177.2975
177.3309
177.3643
177.3978
177.4312
177.4306
177.3962
177.3617
177.3272
177.2928
177.2583
177.2452
177.2536
177.2619
177.2703
177.2786
177.287
177.2828
177.2786
177.2745
177.2703
177.2661
177.2619
177.2578
177.2536
177.2494
177.2452
177.241
177.241
177.241
177.241
177.241
177.241
177.2494
177.2661
177.2828
177.2995
177.3163
177.333
177.3539
177.3748
177.3957
177.4165
177.4374
177.4291
177.3915
177.3539
177.3163
177.2787
177.241
177.2285
177.216
177.2034
177.1909
177.1784
177.193
177.2348
177.2766
177.3183
177.3601
177.4019
177.4103
177.4186
177.427
177.4353
177.4437
177.4416
177.4291
177.4165
177.404
177.3915
177.3789
177.3748
177.3706
177.3664
177.3622
177.358
177.3434
177.3183
177.2933
177.2682
177.2431
177.2181
177.2264
177.2348
177.2431
177.2515
177.2598
177.264
177.264
177.264
177.264
177.264
177.264
177.2807
177.2975
177.3142
177.3309
177.3476
177.3643
177.381
177.3978
177.4145
177.4312
177.4479
177.4061
177.3643
177.3225
177.2807
177.239
177.2327
177.2619
177.2912
177.3204
177.3497
177.3789
177.3539
177.3288
177.3037
177.2787
177.2536
177.2515
177.2724
177.2933
177.3142
177.3351
177.356
177.3518
177.3476
177.3434
177.3392
177.3351
177.3288
177.3204
177.3121
177.3037
177.2954
177.287
177.2954
177.3037
177.3121
177.3204
177.3288
177.3434
177.3643
177.3852
177.4061
177.427
177.4479
177.4353
177.4228
177.4103
177.3977
177.3852
177.3873
177.404
177.4207
177.4374
177.4542
177.4709
177.45
177.4291
177.4082
177.3873
177.3664
177.3601
177.3685
177.3768
177.3852
177.3936
177.4019
177.381
177.3601
177.3392
177.3183
177.2975
177.2975
177.3183
177.3392
177.3601
177.381
177.4019
177.3601
177.3183
177.2766
177.2348
177.193
177.1888
177.2222
177.2557
177.2891
177.3225
177.356
177.3643
177.3727
177.381
177.3894
177.3977
177.3998
177.3956
177.3915
177.3873
177.3831
177.3789
177.3497
177.3204
177.2912
177.2619
177.2327
177.2285
177.2494
177.2703
177.2912
177.3121
177.333
177.3539
177.3748
177.3957
177.4165
177.4374
177.427
177.3852
177.3434
177.3016
177.2599
177.2181
177.2306
177.2431
177.2557
177.2682
177.2807
177.2954
177.3121
177.3288
177.3455
177.3622
177.3789
177.3497
177.3204
177.2912
177.2619
177.2327
177.2222
177.2306
177.239
177.2473
177.2557
177.264
177.2557
177.2473
177.239
177.2306
177.2222
177.2306
177.2557
177.2807
177.3058
177.3309
177.356
177.356
177.356
177.356
177.356
177.356
177.3455
177.3246
177.3037
177.2828
177.2619
177.241
177.2285
177.216
177.2034
177.1909
177.1784
177.1763
177.1846
177.193
177.2014
177.2097
177.2181
177.2181
177.2181
177.2181
177.2181
177.2181
177.2348
177.2682
177.3016
177.3351
177.3685
177.4019
177.3601
177.3183
177.2766
177.2348
177.193
177.1867
177.216
177.2452
177.2745
177.3037
177.333
177.3413
177.3497
177.358
177.3664
177.3748
177.3768
177.3727
177.3685
177.3643
177.3601
177.356
177.3518
177.3476
177.3434
177.3392
177.3351
177.3225
177.3016
177.2807
177.2599
177.239
177.2181
177.2181
177.2181
177.2181
177.2181
177.2181
177.2348
177.2682
177.3016
177.3351
177.3685
177.4019
177.3685
177.3351
177.3016
177.2682
177.2348
177.2139
177.2055
177.1972
177.1888
177.1805
177.1721
177.2097
177.2473
177.2849
177.3225
177.3601
177.3852
177.3977
177.4103
177.4228
177.4353
177.4479
177.427
177.4061
177.3852
177.3643
177.3434
177.3372
177.3455
177.3539
177.3622
177.3706
177.3789
177.358
177.3371
177.3163
177.2954
177.2745
177.2807
177.3142
177.3476
177.381
177.4145
177.4479
177.4395
177.4312
177.4228
177.4145
177.4061
177.3915
177.3706
177.3497
177.3288
177.3079
177.287
177.2828
177.2786
177.2745
177.2703
177.2661
177.2724
177.2891
177.3058
177.3225
177.3392
177.356
177.4061
177.4562
177.5064
177.5565
177.6067
177.6046
177.5503
177.4959
177.4416
177.3873
177.333
177.3455
177.358
177.3706
177.3831
177.3956
177.381
177.3392
177.2975
177.2557
177.2139
177.1721
177.1805
177.1888
177.1972
177.2055
177.2139
177.2181
177.2181
177.2181
177.2181
177.2181
177.2181
177.2264
177.2348
177.2431
177.2515
177.2598
177.2619
177.2578
177.2536
177.2494
177.2452
177.241
177.2452
177.2494
177.2536
177.2578
177.2619
177.2598
177.2515
177.2431
177.2348
177.2264
177.2181
177.2181
177.2181
177.2181
177.2181
177.2181
177.2202
177.2243
177.2285
177.2327
177.2369
177.241
177.2494
177.2578
177.2661
177.2745
177.2828
177.2766
177.2557
177.2348
177.2139
177.193
177.1721
177.2097
177.2473
177.2849
177.3225
177.3601
177.381
177.3852
177.3894
177.3936
177.3977
177.4019
177.3685
177.3351
177.3016
177.2682
177.2348
177.2181
177.2181
177.2181
177.2181
177.2181
177.2181
177.2097
177.2014
177.193
177.1846
177.1763
177.1826
177.2034
177.2243
177.2452
177.2661
177.287
177.3079
177.3288
177.3497
177.3706
177.3915
177.381
177.3392
177.2975
177.2557
177.2139
177.1721
177.193
177.2139
177.2348
177.2557
177.2766
177.287
177.287
177.287
177.287
177.287
177.287
177.2995
177.3121
177.3246
177.3372
177.3497
177.3455
177.3246
177.3037
177.2828
177.2619
177.241
177.2369
177.2327
177.2285
177.2243
177.2202
177.2181
177.2181
177.2181
177.2181
177.2181
177.2181
177.2599
177.3016
177.3434
177.3852
177.427
177.4395
177.4228
177.4061
177.3894
177.3727
177.356
177.3727
177.3894
177.4061
177.4228
177.4395
177.4333
177.404
177.3748
177.3455
177.3163
177.287
177.3371
177.3873
177.4374
177.4876
177.5377
177.5419
177.5001
177.4583
177.4165
177.3748
177.333
177.3873
177.4416
177.4959
177.5503
177.6046
177.6088
177.5628
177.5168
177.4709
177.4249
177.3789
177.3497
177.3204
177.2912
177.2619
177.2327
177.2222
177.2306
177.239
177.2473
177.2557
177.264
177.3309
177.3977
177.4646
177.5315
177.5983
177.5962
177.5252
177.4541
177.3831
177.3121
177.241
177.2285
177.216
177.2034
177.1909
177.1784
177.1972
177.2473
177.2975
177.3476
177.3978
177.4479
177.4186
177.3894
177.3601
177.3309
177.3016
177.2849
177.2807
177.2766
177.2724
177.2682
177.264
177.2557
177.2473
177.239
177.2306
177.2222
177.2181
177.2181
177.2181
177.2181
177.2181
177.2181
177.2097
177.2014
177.193
177.1846
177.1763
177.1763
177.1846
177.193
177.2014
177.2097
177.2181
177.2181
177.2181
177.2181
177.2181
177.2181
177.2306
177.2557
177.2807
177.3058
177.3309
177.356
177.3351
177.3142
177.2933
177.2724
177.2515
177.2598
177.2975
177.3351
177.3727
177.4103
177.4479
177.3978
177.3476
177.2975
177.2473
177.1972
177.1721
177.1721
177.1721
177.1721
177.1721
177.1721
177.1888
177.2055
177.2222
177.239
177.2557
177.2766
177.3016
177.3267
177.3518
177.3768
177.4019
177.3601
177.3183
177.2766
177.2348
177.193
177.1826
177.2034
177.2243
177.2452
177.2661
177.287
177.2954
177.3037
177.3121
177.3204
177.3288
177.3267
177.3142
177.3016
177.2891
177.2766
177.264
177.3016
177.3392
177.3768
177.4145
177.4521
177.4625
177.4458
177.4291
177.4124
177.3956
177.3789
177.358
177.3371
177.3163
177.2954
177.2745
177.2766
177.3016
177.3267
177.3518
177.3768
177.4019
177.381
177.3601
177.3392
177.3183
177.2975
177.2912
177.2995
177.3079
177.3163
177.3246
177.333
177.3246
177.3163
177.3079
177.2995
177.2912
177.2954
177.3121
177.3288
177.3455
177.3622
177.3789
177.3831
177.3873
177.3915
177.3956
177.3998
177.3977
177.3894
177.381
177.3727
177.3643
177.356
177.356
177.356
177.356
177.356
177.356
177.3643
177.381
177.3978
177.4145
177.4312
177.4479
177.4479
177.4479
177.4479
177.4479
177.4479
177.4333
177.404
177.3748
177.3455
177.3163
177.287
177.2745
177.2619
177.2494
177.2369
177.2243
177.2222
177.2306
177.239
177.2473
177.2557
177.264
177.2807
177.2975
177.3142
177.3309
177.3476
177.356
177.356
177.356
177.356
177.356
177.356
177.3601
177.3643
177.3685
177.3727
177.3768
177.3664
177.3413
177.3163
177.2912
177.2661
177.241
177.2369
177.2327
177.2285
177.2243
177.2202
177.2348
177.2682
177.3016
177.3351
177.3685
177.4019
177.3894
177.3768
177.3643
177.3518
177.3392
177.3372
177.3455
177.3539
177.3622
177.3706
177.3789
177.3539
177.3288
177.3037
177.2787
177.2536
177.2515
177.2724
177.2933
177.3142
177.3351
177.356
177.356
177.356
177.356
177.356
177.356
177.3476
177.3309
177.3142
177.2975
177.2807
177.264
177.2891
177.3142
177.3392
177.3643
177.3894
177.4019
177.4019
177.4019
177.4019
177.4019
177.4019
177.3977
177.3936
177.3894
177.3852
177.381
177.3706
177.3539
177.3371
177.3204
177.3037
177.287
177.2745
177.2619
177.2494
177.2369
177.2243
177.239
177.2807
177.3225
177.3643
177.4061
177.4479
177.4103
177.3727
177.3351
177.2975
177.2598
177.2431
177.2473
177.2515
177.2557
177.2598
177.264
177.264
177.264
177.264
177.264
177.264
177.2598
177.2515
177.2431
177.2348
177.2264
177.2181
177.2515
177.2849
177.3183
177.3518
177.3852
177.3789
177.333
177.287
177.241
177.1951
177.1491
177.1617
177.1742
177.1867
177.1993
177.2118
177.2181
177.2181
177.2181
177.2181
177.2181
177.2181
177.2181
177.2181
177.2181
177.2181
177.2181
177.2348
177.2682
177.3016
177.3351
177.3685
177.4019
177.381
177.3601
177.3392
177.3183
177.2975
177.287
177.287
177.287
177.287
177.287
177.287
177.287
177.287
177.287
177.287
177.287
177.3016
177.3309
177.3601
177.3894
177.4186
177.4479
177.4709
177.4939
177.5168
177.5398
177.5628
177.5544
177.5461
177.5377
177.5294
177.521
177.5001
177.4667
177.4333
177.3998
177.3664
177.333
177.3253
177.3177
177.31
177.3023
177.2947
177.287
177.3163
177.3455
177.3748
177.404
177.4333
177.4583
177.4792
177.5001
177.521
177.5419
177.5628
177.5503
177.5377
177.5252
177.5126
177.5001
177.4855
177.4688
177.4521
177.4353
177.4186
177.4019
177.3977
177.3936
177.3894
177.3852
177.381
177.3852
177.3977
177.4103
177.4228
177.4353
177.4479
177.4395
177.4312
177.4228
177.4145
177.4061
177.4019
177.4019
177.4019
177.4019
177.4019
177.4019
177.3768
177.3518
177.3267
177.3016
177.2766
177.264
177.264
177.264
177.264
177.264
177.264
177.2557
177.2473
177.239
177.2306
177.2222
177.2202
177.2243
177.2285
177.2327
177.2369
177.241
177.2578
177.2745
177.2912
177.3079
177.3246
177.3351
177.3392
177.3434
177.3476
177.3518
177.356
177.356
177.356
177.356
177.356
177.356
177.3643
177.381
177.3978
177.4145
177.4312
177.4479
177.4145
177.381
177.3476
177.3142
177.2807
177.2766
177.3016
177.3267
177.3518
177.3768
177.4019
177.3768
177.3518
177.3267
177.3016
177.2766
177.2661
177.2703
177.2745
177.2786
177.2828
177.287
177.3079
177.3288
177.3497
177.3706
177.3915
177.4061
177.4145
177.4228
177.4312
177.4395
177.4479
177.427
177.4061
177.3852
177.3643
177.3434
177.3288
177.3204
177.3121
177.3037
177.2954
177.287
177.2954
177.3037
177.3121
177.3204
177.3288
177.3288
177.3204
177.3121
177.3037
177.2954
177.287
177.2745
177.2619
177.2494
177.2369
177.2243
177.2202
177.2243
177.2285
177.2327
177.2369
177.241
177.2369
177.2327
177.2285
177.2243
177.2202
177.2243
177.2369
177.2494
177.2619
177.2745
177.287
177.2995
177.3121
177.3246
177.3372
177.3497
177.3643
177.381
177.3978
177.4145
177.4312
177.4479
177.4479
177.4479
177.4479
177.4479
177.4479
177.4333
177.404
177.3748
177.3455
177.3163
177.287
177.3163
177.3455
177.3748
177.404
177.4333
177.4625
177.4918
177.521
177.5503
177.5795
177.6088
177.5795
177.5503
177.521
177.4918
177.4625
177.4521
177.4604
177.4688
177.4771
177.4855
177.4939
177.473
177.4521
177.4312
177.4103
177.3894
177.3977
177.4353
177.473
177.5106
177.5482
177.5858
177.5398
177.4939
177.4479
177.4019
177.356
177.3184
177.2891
177.2599
177.2306
177.2014
177.1721
177.2014
177.2306
177.2599
177.2891
177.3184
177.3225
177.3016
177.2807
177.2599
177.239
177.2181
177.2473
177.2766
177.3058
177.3351
177.3643
177.3643
177.3351
177.3058
177.2766
177.2473
177.2181
177.2431
177.2682
177.2933
177.3183
177.3434
177.3497
177.3372
177.3246
177.3121
177.2995
177.287
177.3037
177.3204
177.3371
177.3539
177.3706
177.3664
177.3413
177.3163
177.2912
177.2661
177.241
177.2369
177.2327
177.2285
177.2243
177.2202
177.2202
177.2243
177.2285
177.2327
177.2369
177.241
177.2578
177.2745
177.2912
177.3079
177.3246
177.3246
177.3079
177.2912
177.2745
177.2578
177.241
177.2452
177.2494
177.2536
177.2578
177.2619
177.2661
177.2703
177.2745
177.2786
177.2828
177.287
177.2786
177.2703
177.2619
177.2536
177.2452
177.2598
177.2975
177.3351
177.3727
177.4103
177.4479
177.4103
177.3727
177.3351
177.2975
177.2598
177.2452
177.2536
177.2619
177.2703
177.2786
177.287
177.3163
177.3455
177.3748
177.404
177.4333
177.4395
177.4228
177.4061
177.3894
177.3727
177.356
177.3225
177.2891
177.2557
177.2222
177.1888
177.1993
177.2536
177.3079
177.3622
177.4165
177.4709
177.4333
177.3957
177.358
177.3204
177.2828
177.2703
177.2828
177.2954
177.3079
177.3204
177.333
177.3539
177.3748
177.3957
177.4165
177.4374
177.4312
177.3978
177.3643
177.3309
177.2975
177.264
177.2473
177.2306
177.2139
177.1972
177.1805
177.193
177.2348
177.2766
177.3183
177.3601
177.4019
177.4353
177.4688
177.5022
177.5356
177.5691
177.5753
177.5544
177.5336
177.5127
177.4918
177.4709
177.45
177.4291
177.4082
177.3873
177.3664
177.3768
177.4186
177.4604
177.5022
177.544
177.5858
177.5649
177.544
177.5231
177.5022
177.4813
177.473
177.4771
177.4813
177.4855
177.4897
177.4939
177.498
177.5022
177.5064
177.5106
177.5147
177.5147
177.5106
177.5064
177.5022
177.498
177.4939
177.4855
177.4771
177.4688
177.4604
177.4521
177.4291
177.3915
177.3539
177.3163
177.2787
177.241
177.2619
177.2828
177.3037
177.3246
177.3455
177.3434
177.3183
177.2933
177.2682
177.2431
177.2181
177.2515
177.2849
177.3183
177.3518
177.3852
177.4019
177.4019
177.4019
177.4019
177.4019
177.4019
177.3977
177.3936
177.3894
177.3852
177.381
177.3685
177.3476
177.3267
177.3058
177.2849
177.264
177.2766
177.2891
177.3016
177.3142
177.3267
177.3372
177.3455
177.3539
177.3622
177.3706
177.3789
177.3789
177.3789
177.3789
177.3789
177.3789
177.3706
177.3539
177.3371
177.3204
177.3037
177.287
177.2745
177.2619
177.2494
177.2369
177.2243
177.239
177.2807
177.3225
177.3643
177.4061
177.4479
177.3978
177.3476
177.2975
177.2473
177.1972
177.1784
177.1909
177.2034
177.216
177.2285
177.241
177.2452
177.2494
177.2536
177.2578
177.2619
177.2766
177.3016
177.3267
177.3518
177.3768
177.4019
177.3977
177.3936
177.3894
177.3852
177.381
177.358
177.3163
177.2745
177.2327
177.1909
177.1491
177.2076
177.2661
177.3246
177.3831
177.4416
177.4688
177.4646
177.4604
177.4563
177.4521
177.4479
177.4353
177.4228
177.4103
177.3977
177.3852
177.3852
177.3977
177.4103
177.4228
177.4353
177.4479
177.4145
177.381
177.3476
177.3142
177.2807
177.264
177.264
177.264
177.264
177.264
177.264
177.2891
177.3142
177.3392
177.3643
177.3894
177.3956
177.3831
177.3706
177.358
177.3455
177.333
177.3413
177.3497
177.358
177.3664
177.3748
177.3852
177.3977
177.4103
177.4228
177.4353
177.4479
177.4771
177.5064
177.5356
177.5649
177.5941
177.6067
177.6025
177.5983
177.5941
177.59
177.5858
177.5398
177.4939
177.4479
177.4019
177.356
177.3476
177.3768
177.4061
177.4353
177.4646
177.4939
177.5273
177.5607
177.5941
177.6276
177.661
177.6714
177.6589
177.6464
177.6338
177.6213
177.6088
177.5837
177.5586
177.5336
177.5085
177.4834
177.4855
177.5147
177.544
177.5732
177.6025
177.6317
177.59
177.5482
177.5064
177.4646
177.4228
177.4082
177.4207
177.4333
177.4458
177.4583
177.4709
177.4542
177.4374
177.4207
177.404
177.3873
177.3643
177.3351
177.3058
177.2766
177.2473
177.2181
177.2473
177.2766
177.3058
177.3351
177.3643
177.3601
177.3225
177.2849
177.2473
177.2097
177.1721
177.2222
177.2724
177.3225
177.3727
177.4228
177.4291
177.3915
177.3539
177.3163
177.2787
177.241
177.2494
177.2578
177.2661
177.2745
177.2828
177.2975
177.3183
177.3392
177.3601
177.381
177.4019
177.381
177.3601
177.3392
177.3183
177.2975
177.287
177.287
177.287
177.287
177.287
177.287
177.3163
177.3455
177.3748
177.404
177.4333
177.4228
177.3727
177.3225
177.2724
177.2222
177.1721
177.1721
177.1721
177.1721
177.1721
177.1721
177.1972
177.2473
177.2975
177.3476
177.3978
177.4479
177.4061
177.3643
177.3225
177.2807
177.239
177.2348
177.2682
177.3016
177.3351
177.3685
177.4019
177.4019
177.4019
177.4019
177.4019
177.4019
177.3977
177.3894
177.381
177.3727
177.3643
177.356
177.3351
177.3142
177.2933
177.2724
177.2515
177.239
177.2348
177.2306
177.2264
177.2222
177.2181
177.2515
177.2849
177.3183
177.3518
177.3852
177.3873
177.358
177.3288
177.2995
177.2703
177.241
177.2578
177.2745
177.2912
177.3079
177.3246
177.3246
177.3079
177.2912
177.2745
177.2578
177.241
177.241
177.241
177.241
177.241
177.241
177.2494
177.2661
177.2828
177.2995
177.3163
177.333
177.3413
177.3497
177.358
177.3664
177.3748
177.3601
177.3225
177.2849
177.2473
177.2097
177.1721
177.2055
177.239
177.2724
177.3058
177.3392
177.3539
177.3497
177.3455
177.3413
177.3372
177.333
177.358
177.3831
177.4082
177.4333
177.4583
177.4583
177.4333
177.4082
177.3831
177.358
177.333
177.3372
177.3413
177.3455
177.3497
177.3539
177.3455
177.3246
177.3037
177.2828
177.2619
177.241
177.287
177.333
177.3789
177.4249
177.4709
177.4751
177.4374
177.3998
177.3622
177.3246
177.287
177.3163
177.3455
177.3748
177.404
177.4333
177.4479
177.4479
177.4479
177.4479
177.4479
177.4479
177.4479
177.4479
177.4479
177.4479
177.4479
177.4374
177.4165
177.3957
177.3748
177.3539
177.333
177.3121
177.2912
177.2703
177.2494
177.2285
177.2181
177.2181
177.2181
177.2181
177.2181
177.2181
177.2264
177.2348
177.2431
177.2515
177.2598
177.2766
177.3016
177.3267
177.3518
177.3768
177.4019
177.3768
177.3518
177.3267
177.3016
177.2766
177.2598
177.2515
177.2431
177.2348
177.2264
177.2181
177.239
177.2599
177.2807
177.3016
177.3225
177.3225
177.3016
177.2807
177.2599
177.239
177.2181
177.2264
177.2348
177.2431
177.2515
177.2598
177.2807
177.3142
177.3476
177.381
177.4145
177.4479
177.3978
177.3476
177.2975
177.2473
177.1972
177.1972
177.2473
177.2975
177.3476
177.3978
177.4479
177.4353
177.4228
177.4103
177.3977
177.3852
177.381
177.3852
177.3894
177.3936
177.3977
177.4019
177.3601
177.3183
177.2766
177.2348
177.193
177.193
177.2348
177.2766
177.3183
177.3601
177.4019
177.3685
177.3351
177.3016
177.2682
177.2348
177.2243
177.2369
177.2494
177.2619
177.2745
177.287
177.3163
177.3455
177.3748
177.404
177.4333
177.4228
177.3727
177.3225
177.2724
177.2222
177.1721
177.2139
177.2557
177.2975
177.3392
177.381
177.3852
177.3518
177.3183
177.2849
177.2515
177.2181
177.2222
177.2264
177.2306
177.2348
177.239
177.2348
177.2222
177.2097
177.1972
177.1846
177.1721
177.1846
177.1972
177.2097
177.2222
177.2348
177.2431
177.2473
177.2515
177.2557
177.2598
177.264
177.3183
177.3727
177.427
177.4813
177.5356
177.5461
177.5127
177.4792
177.4458
177.4124
177.3789
177.3789
177.3789
177.3789
177.3789
177.3789
177.3685
177.3476
177.3267
177.3058
177.2849
177.264
177.2849
177.3058
177.3267
177.3476
177.3685
177.3768
177.3727
177.3685
177.3643
177.3601
177.356
177.3601
177.3643
177.3685
177.3727
177.3768
177.3915
177.4165
177.4416
177.4667
177.4918
177.5168
177.4834
177.45
177.4165
177.3831
177.3497
177.3288
177.3204
177.3121
177.3037
177.2954
177.287
177.2745
177.2619
177.2494
177.2369
177.2243
177.2327
177.2619
177.2912
177.3204
177.3497
177.3789
177.3622
177.3455
177.3288
177.3121
177.2954
177.2766
177.2557
177.2348
177.2139
177.193
177.1721
177.2014
177.2306
177.2599
177.2891
177.3184
177.3392
177.3518
177.3643
177.3768
177.3894
177.4019
177.4103
177.4186
177.427
177.4353
177.4437
177.4291
177.3915
177.3539
177.3163
177.2787
177.241
177.241
177.241
177.241
177.241
177.241
177.2536
177.2787
177.3037
177.3288
177.3539
177.3789
177.3413
177.3037
177.2661
177.2285
177.1909
177.1867
177.216
177.2452
177.2745
177.3037
177.333
177.3037
177.2745
177.2452
177.216
177.1867
177.1784
177.1909
177.2034
177.216
177.2285
177.241
177.2285
177.216
177.2034
177.1909
177.1784
177.1909
177.2285
177.2661
177.3037
177.3413
177.3789
177.358
177.3371
177.3163
177.2954
177.2745
177.2598
177.2515
177.2431
177.2348
177.2264
177.2181
177.2097
177.2014
177.193
177.1846
177.1763
177.1763
177.1846
177.193
177.2014
177.2097
177.2181
177.2097
177.2014
177.193
177.1846
177.1763
177.1909
177.2285
177.2661
177.3037
177.3413
177.3789
177.3748
177.3706
177.3664
177.3622
177.358
177.358
177.3622
177.3664
177.3706
177.3748
177.3789
177.3748
177.3706
177.3664
177.3622
177.358
177.3601
177.3685
177.3768
177.3852
177.3936
177.4019
177.3601
177.3183
177.2766
177.2348
177.193
177.1763
177.1846
177.193
177.2014
177.2097
177.2181
177.2473
177.2766
177.3058
177.3351
177.3643
177.3706
177.3539
177.3371
177.3204
177.3037
177.287
177.3246
177.3622
177.3998
177.4374
177.4751
177.4834
177.4625
177.4416
177.4207
177.3998
177.3789
177.3622
177.3455
177.3288
177.3121
177.2954
177.3058
177.3434
177.381
177.4186
177.4562
177.4939
177.5273
177.5607
177.5941
177.6276
177.661
177.6568
177.615
177.5733
177.5315
177.4897
177.4479
177.4813
177.5147
177.5482
177.5816
177.615
177.6255
177.6129
177.6004
177.5879
177.5753
177.5628
177.5001
177.4374
177.3748
177.3121
177.2494
177.2327
177.2619
177.2912
177.3204
177.3497
177.3789
177.3413
177.3037
177.2661
177.2285
177.1909
177.1909
177.2285
177.2661
177.3037
177.3413
177.3789
177.3413
177.3037
177.2661
177.2285
177.1909
177.1763
177.1846
177.193
177.2014
177.2097
177.2181
177.2431
177.2682
177.2933
177.3183
177.3434
177.358
177.3622
177.3664
177.3706
177.3748
177.3789
177.3413
177.3037
177.2661
177.2285
177.1909
177.1805
177.1972
177.2139
177.2306
177.2473
177.264
177.2849
177.3058
177.3267
177.3476
177.3685
177.381
177.3852
177.3894
177.3936
177.3977
177.4019
177.3768
177.3518
177.3267
177.3016
177.2766
177.2703
177.2828
177.2954
177.3079
177.3204
177.333
177.3413
177.3497
177.358
177.3664
177.3748
177.3601
177.3225
177.2849
177.2473
177.2097
177.1721
177.1805
177.1888
177.1972
177.2055
177.2139
177.2181
177.2181
177.2181
177.2181
177.2181
177.2181
177.2515
177.2849
177.3183
177.3518
177.3852
177.3852
177.3518
177.3183
177.2849
177.2515
177.2181
177.2306
177.2431
177.2557
177.2682
177.2807
177.3016
177.3309
177.3601
177.3894
177.4186
177.4479
177.4479
177.4479
177.4479
177.4479
177.4479
177.4333
177.404
177.3748
177.3455
177.3163
177.287
177.2661
177.2452
177.2243
177.2034
177.1826
177.1763
177.1846
177.193
177.2014
177.2097
177.2181
177.2264
177.2348
177.2431
177.2515
177.2598
177.2703
177.2828
177.2954
177.3079
177.3204
177.333
177.3539
177.3748
177.3957
177.4165
177.4374
177.4291
177.3915
177.3539
177.3163
177.2787
177.241
177.2661
177.2912
177.3163
177.3413
177.3664
177.3748
177.3664
177.358
177.3497
177.3413
177.333
177.3246
177.3163
177.3079
177.2995
177.2912
177.2807
177.2682
177.2557
177.2431
177.2306
177.2181
177.2515
177.2849
177.3183
177.3518
177.3852
177.4124
177.4333
177.4541
177.475
177.4959
177.5168
177.5085
177.5001
177.4918
177.4834
177.4751
177.473
177.4771
177.4813
177.4855
177.4897
177.4939
177.473
177.4521
177.4312
177.4103
177.3894
177.3748
177.3664
177.358
177.3497
177.3413
177.333
177.3163
177.2995
177.2828
177.2661
177.2494
177.2557
177.2849
177.3142
177.3434
177.3727
177.4019
177.3977
177.3936
177.3894
177.3852
177.381
177.358
177.3163
177.2745
177.2327
177.1909
177.1491
177.1407
177.1324
177.124
177.1157
177.1073
177.1094
177.1219
177.1345
177.147
177.1596
177.1721
177.1721
177.1721
177.1721
177.1721
177.1721
177.1763
177.1846
177.193
177.2014
177.2097
177.2181
177.2181
177.2181
177.2181
177.2181
177.2181
177.2348
177.2682
177.3016
177.3351
177.3685
177.4019
177.3601
177.3183
177.2766
177.2348
177.193
177.1721
177.1721
177.1721
177.1721
177.1721
177.1721
177.193
177.2139
177.2348
177.2557
177.2766
177.2828
177.2745
177.2661
177.2578
177.2494
177.241
177.2285
177.216
177.2034
177.1909
177.1784
177.1784
177.1909
177.2034
177.216
177.2285
177.241
177.241
177.241
177.241
177.241
177.241
177.2327
177.216
177.1992
177.1825
177.1658
177.1491
177.1742
177.1992
177.2243
177.2494
177.2745
177.2975
177.3183
177.3392
177.3601
177.381
177.4019
177.3977
177.3936
177.3894
177.3852
177.381
177.3852
177.3977
177.4103
177.4228
177.4353
177.4479
177.4061
177.3643
177.3225
177.2807
177.239
177.2306
177.2557
177.2807
177.3058
177.3309
177.356
177.3643
177.3727
177.381
177.3894
177.3977
177.381
177.3392
177.2975
177.2557
177.2139
177.1721
177.2097
177.2473
177.2849
177.3225
177.3601
177.381
177.3852
177.3894
177.3936
177.3977
177.4019
177.3894
177.3768
177.3643
177.3518
177.3392
177.3225
177.3016
177.2807
177.2599
177.239
177.2181
177.2264
177.2348
177.2431
177.2515
177.2598
177.2619
177.2578
177.2536
177.2494
177.2452
177.241
177.241
177.241
