2.089072083819575
2.095083491419989
2.0956983343742484
2.093213912205798
2.0914990811726506
2.087817769012645
2.0833434309482453
2.082908917171504
2.0792559051512822
2.07675455629849
2.0764221804859138
2.077327474852425
2.078121961278731
2.0835786604990645
2.0840981529627594
2.0843311350787155
2.0766355470033773
2.0724841307748445
1.9496521014358066
1.8501156622479062
1.7611129862897996
1.690250722871248
1.6307989982846525
1.5310934646533865
1.483446634296819
1.4309413007808762
1.389890628273859
1.3458847295628253
1.3215274357680435
1.2926885302465667
1.2679842432273656
1.2483485472749114
1.2315358134238987
1.2175127238241938
1.2009239974875023
1.1929820558354802
1.1833705427262424
1.1759561616294474
1.1686995532918791
1.1630004012027317
1.1599505947189508
1.1551585613769257
1.1522331741906795
1.1498613121190828
1.147867211354568
1.1458952930622077
1.144362869800049
1.1441358927770358
1.1445520298932832
1.1452737813211076
1.1463730006345294
1.149225480778684
1.1523393760901224
1.1561677092962284
1.1595804146127522
1.165499620621852
1.171262197715126
1.177978035028887
1.1857354708695151
1.1967064487972379
1.2064342852895393
1.2178287503702634
1.230463448239793
1.24783350737444
1.2652215240654827
1.2828770670796714
1.3053121051202488
1.3319345250334638
1.3613368397795074
1.387122512224554
1.4341944130655107
1.470978566723916
1.52482097672899
1.566809790008866
1.6634195722458616
1.7286388560472932
1.7811939279801063
1.8644276361452488
1.9392660745049228
1.963276070038542
1.9995515537761723
2.0393147991458327
2.0620989810854566
2.068036583717307
2.0715029342339863
2.079379674502415
2.0776636076600203
2.0830187829317555
2.082388462417489
2.083965016818758
2.08632593651294
2.081178502356807
2.0810018940921866
2.0749452460676734
2.0779642722104907
2.070932657542788
