0.010650666938951807
0.0
0.013396263003140974
0.012628037412355667
0.01846201662978595
0.018918851015695803
0.029315910798911687
0.02698915667476003
0.03472139465163674
0.03598132696251337
0.03865010692931812
0.036741608060892
0.03537751058187846
0.029611407684327382
0.030438248860931782
0.030387344595448604
0.03594068576204546
0.04099386136638697
0.44627504833896814
0.6233524415987266
0.7964547193460007
0.9503971482305167
1.0866755737688465
1.4072797634298557
1.5761355106026071
1.7961206864775288
2.0042232091644547
2.2740358341398736
2.44483710335251
2.6769425053157088
2.929693990552243
3.1225527639829154
3.3277652300529303
3.5219069963021283
3.7754500548892747
3.920449160840652
4.101633619626936
4.262222828439552
4.429088109663559
4.578481833632449
4.6795268515438915
4.811415038649281
4.91253615972035
4.992174661607761
5.0415604294389045
5.0986957344067125
5.138486347423969
5.147876291823157
5.137418165254233
5.121197499283644
5.090660852777719
5.01609104043661
4.938435568834784
4.847125727282722
4.746191797969261
4.614601694431477
4.47773244727901
4.329462012706002
4.171591344502489
3.9602603696388012
3.794966885148785
3.615034990722961
3.4418439912269405
3.2055833394341664
2.9990974550513756
2.81460371585782
2.607080451357452
2.388380844436205
2.182201299338428
2.0281721801431067
1.7744195926457547
1.6118651651131692
1.4010639688140971
1.2666808828302303
0.9641407061124501
0.79927758771348
0.6951191134568643
0.49212907699405384
0.33547632011713524
0.28246235214983045
0.23115988635392534
0.09608386312367374
0.08270138280847075
0.07962865635227001
0.07833391605442075
0.07722355857436788
0.07228689863303975
0.06833235654618598
0.06347394641442959
0.059805480705471106
0.05494809223871994
0.054874504037149524
0.05817865809050286
0.062453838850995445
0.0644823997297811
0.06883823380419554
3.3272490265058763
3.3264577965085924
3.32742683081494
3.326237182430087
3.3281426091747335
3.3287631972316447
3.3278266017227827
3.326918972996993
3.3291118084502935
3.3281604455515064
3.3282526540295625
3.327131600877645
3.3284464247799894
3.326979291642157
3.326907855238622
3.3266091089115974
3.329223283331771
3.3276822946194478
3.2890174511788564
3.2496276927302272
3.198714194761298
3.142162163024749
3.0824825644914178
2.9065979966113322
2.788724288136964
2.6035778676808206
2.4073017286808795
2.1071649663737175
1.8775789976754935
1.512809700482016
1.0962610150583203
0.6295122074291064
0.0
0.6142888888420543
1.1338467016599174
1.485616124834778
1.8382110759852464
2.1400349931082663
2.424135586381844
2.672088266360507
2.8424730467251793
3.051759878397346
3.2043689727565505
3.330437539266969
3.4026409352294746
3.4890395454590157
3.547103139149309
3.562525903586484
3.544442511026584
3.5230552825016694
3.47803350975214
3.3691396856328013
3.2564083588837183
3.1196694076382223
2.9661575139400114
2.7567257945114028
2.534370493281104
2.288329862007646
2.0191459787733086
1.7018702809394026
1.3781631838923396
1.0183863985759019
0.6676270518566878
0.5199400425673228
0.7882811100151844
1.184321932014572
1.5762839788627316
1.9073498327251415
2.192546709154421
2.376843550480278
2.6262761338729947
2.7635660837103146
2.911550410533318
2.9933563522806153
3.1387981808898933
3.2015769621558725
3.231686906554142
3.2818619267486278
3.3080063170178824
3.314544972030385
3.320979859279588
3.329307145394243
3.331677584437776
3.329902444324868
3.330155274477509
3.329968775413234
3.3297782348432907
3.329139185861953
3.3291574339803884
3.3293047713165245
3.32884525608814
3.3287095674340743
3.3288310462931663
3.3281085975040128
3.329111683055853
3.3309036468749733
5.136037179804305
5.135567076547706
5.135759827511961
5.1357490686744365
5.135959764890789
5.135748321285111
5.136086409503579
5.136042158357868
5.136824640526637
5.136324312789351
5.1364745521097035
5.136050682559088
5.136039567801056
5.135830326219744
5.135957606517512
5.1362655872747105
5.136529310357364
5.137383230510296
5.111486634938559
5.085934582434929
5.053963143357158
5.019025432004073
4.980827525767371
4.873506641367681
4.802391505566042
4.698549760748603
4.585668179201346
4.423018266342752
4.306791508993518
4.131825415783747
3.9406333826699678
3.749585491463985
3.5447718262831995
3.342797930455706
3.106484321223849
2.8996312181206396
2.6695553129107794
2.438726732535203
2.192249312931571
1.936794512715708
1.69742893277985
1.3881458293902624
1.0592524267373038
0.6815305057068813
0.48262370558399575
0.24234999040599658
0.14129776679836456
0.15391907093261575
0.0
0.1198417860000647
0.2940339719641144
0.585739353469915
0.8462125967713136
1.1555364212912977
1.4401023774765407
1.744882776993272
2.0224634238275887
2.2849916670319694
2.5279413817555523
2.7747493210460594
3.003419110857842
3.2241889301412865
3.4363926708194397
3.6541636713482326
3.855150888758942
4.017716024354166
4.192662540266145
4.355240994365423
4.4940776505171565
4.58911471565425
4.727075008939738
4.801036149374238
4.886731544685013
4.932719347244214
5.021704803196234
5.058342340513509
5.076278619212888
5.107415763164482
5.124542985231182
5.127799245972201
5.13085986172594
5.136873250326963
5.137664700610399
5.137496151381908
5.1376360176612685
5.137042582312849
5.136891785439016
5.136392935089552
5.136756965201623
5.136285119047686
5.1362145504245555
5.136569903433716
5.13672964776774
5.137095049014624
5.136664433841024
5.13723467044158
