137.9495
137.94680000000002
137.92770000000002
137.9203
137.9051
137.89620000000002
137.8803
137.8761
137.8555
137.84490000000002
137.8279
137.81150000000002
137.798
137.7889
137.7715
137.7614
137.75730000000001
137.73600000000002
137.72990000000001
137.7151
137.71200000000002
137.6988
137.69160000000002
137.6955
137.69500000000002
137.7007
137.7003
137.6875
137.6971
137.70080000000002
137.7007
137.71020000000001
137.71300000000002
137.72140000000002
137.7272
137.7311
137.7253
137.73700000000002
137.74390000000002
137.7399
137.7469
137.7399
137.7431
137.744
137.7406
137.7371
137.733
137.7269
137.7186
137.7056
137.70360000000002
137.6886
137.68110000000001
137.6723
137.662
137.6585
137.6434
137.6347
137.6177
137.6159
137.6123
137.59900000000002
137.5847
137.5755
137.56810000000002
137.565
137.5558
137.55440000000002
137.56040000000002
137.5549
137.5497
137.54670000000002
137.55030000000002
137.55270000000002
137.5472
137.55
137.55550000000002
137.5568
137.56920000000002
137.5808
137.59310000000002
137.6037
137.6072
137.62740000000002
137.6395
137.65540000000001
137.66740000000001
137.6825
137.68390000000002
137.6918
137.6964
137.69910000000002
137.70360000000002
137.7107
137.71050000000002
137.71030000000002
137.6902
137.69340000000003
137.6879
137.6818
137.6742
137.66490000000002
137.6661
137.6508
137.64780000000002
137.6361
137.6337
137.63340000000002
137.6285
137.6219
137.6054
137.6071
137.60920000000002
137.61010000000002
137.6131
137.61700000000002
137.6131
137.6202
137.625
137.6254
137.63660000000002
137.6441
137.65970000000002
137.66830000000002
137.6955
137.70940000000002
137.7253
137.7363
137.744
137.75760000000002
137.76330000000002
137.77720000000002
137.7949
137.8136
137.8282
137.8364
137.8503
137.85580000000002
137.85590000000002
137.854
137.8588
137.8632
137.869
137.8647
137.8716
137.8745
137.87050000000002
137.86290000000002
137.85760000000002
137.8621
137.85940000000002
137.8667
137.86720000000003
137.8698
137.8674
137.8787
137.87630000000001
137.87980000000002
137.8777
137.87890000000002
137.89090000000002
137.8968
137.91740000000001
137.9207
137.9318
137.9494
137.9701
137.9813
137.9974
138.00920000000002
138.0291
138.0423
138.06650000000002
138.07080000000002
138.1014
138.1254
138.14010000000002
138.15650000000002
138.17430000000002
138.1947
138.2108
138.2346
138.2503
138.2621
138.2657
138.27120000000002
138.28230000000002
138.2838
138.2988
138.29500000000002
138.30290000000002
138.3103
138.3146
138.31730000000002
138.30610000000001
138.3042
138.31380000000001
138.3189
138.3119
138.3092
138.3093
138.312
138.31140000000002
138.316
138.3169
138.32090000000002
138.31820000000002
138.322
138.32010000000002
138.3289
138.3364
138.35170000000002
138.3621
138.381
138.39100000000002
138.4147
138.43970000000002
138.45250000000001
138.4661
138.48530000000002
138.5001
138.5183
138.537
138.5626
138.58190000000002
138.61
138.62910000000002
138.6425
138.6663
138.68570000000003
138.699
138.7143
138.7269
138.74540000000002
138.7568
138.76440000000002
138.76680000000002
138.78300000000002
138.78560000000002
138.7877
138.7956
138.8013
138.7971
138.8035
138.7983
138.78900000000002
138.7964
138.79780000000002
138.8043
138.8073
138.8065
138.8137
138.8153
138.8272
138.82240000000002
138.82440000000003
138.83190000000002
138.83950000000002
138.8469
138.8554
138.8693
138.88340000000002
138.8958
138.9077
138.92430000000002
138.9404
138.95600000000002
138.97930000000002
138.9888
139.0107
139.0276
139.0462
139.0772
139.0997
139.11540000000002
139.12290000000002
139.1408
139.1543
139.17190000000002
139.181
139.1995
139.2115
139.2252
139.232
139.2366
139.2389
139.2414
139.2434
139.241
139.23930000000001
139.2348
139.22990000000001
139.2218
139.2191
139.21480000000003
139.2123
139.2023
139.202
139.20100000000002
139.19230000000002
139.18460000000002
139.193
139.18630000000002
139.1937
139.2021
139.20280000000002
139.1973
139.2097
139.20850000000002
139.2153
139.226
139.2373
139.2476
139.26340000000002
139.2718
139.28910000000002
139.31320000000002
139.32780000000002
139.3531
139.3814
139.39460000000003
139.4188
139.4421
139.4627
139.4864
139.4967
139.53560000000002
139.5479
139.56560000000002
139.5805
139.5945
139.6097
139.61970000000002
139.6293
139.63420000000002
139.64880000000002
139.65210000000002
139.6541
139.6451
139.6509
139.64630000000002
139.6397
139.6391
139.6396
139.6312
139.6237
139.6192
139.59830000000002
139.60090000000002
139.59470000000002
139.5865
139.5851
139.5755
139.5727
139.56990000000002
139.5686
139.5634
139.56
139.5575
139.55530000000002
139.5586
139.556
139.559
139.566
139.56980000000001
139.57070000000002
139.5809
139.5876
139.60150000000002
139.6125
139.6207
139.63490000000002
139.6412
139.6493
139.66500000000002
139.6703
139.67680000000001
139.6972
139.7119
139.734
139.744
139.7543
139.7605
139.7673
139.77270000000001
139.78390000000002
139.78390000000002
139.78730000000002
139.78820000000002
139.7888
139.78320000000002
139.78640000000001
139.78490000000002
139.78140000000002
139.7744
139.7748
139.76350000000002
139.76440000000002
139.75740000000002
139.7474
139.7398
139.72760000000002
139.72080000000003
139.715
139.70190000000002
139.6945
139.69340000000003
139.68120000000002
139.6759
139.6638
139.6511
139.651
139.64770000000001
139.64870000000002
139.6364
139.6355
139.63160000000002
139.62980000000002
139.62910000000002
139.62980000000002
139.6241
139.6293
139.6301
139.63940000000002
139.6439
139.639
139.65470000000002
139.6524
139.65560000000002
139.6553
139.65570000000002
139.65630000000002
139.64950000000002
139.643
139.63850000000002
139.631
139.62300000000002
139.6098
139.5917
139.5884
139.56750000000002
139.5541
139.5456
139.53130000000002
139.51680000000002
139.50310000000002
139.49710000000002
139.47740000000002
139.4618
139.4435
139.4362
139.41600000000003
139.4019
139.3878
139.36950000000002
139.3617
139.358
139.35240000000002
139.3502
139.351
139.34570000000002
139.34300000000002
139.3463
139.3408
139.3342
139.33800000000002
139.3367
139.33530000000002
139.3471
139.3511
139.3511
139.3486
139.3514
139.3476
139.3452
139.3339
139.3348
139.3364
139.3177
139.31140000000002
139.30380000000002
139.29260000000002
139.2812
139.27130000000002
139.2602
139.24800000000002
139.2329
139.20430000000002
139.1868
139.1611
139.14880000000002
139.12980000000002
139.10690000000002
139.0942
139.0867
139.0667
139.05180000000001
139.0372
139.0239
138.99790000000002
138.98860000000002
138.9832
138.976
138.97080000000003
138.96390000000002
138.9608
138.959
138.95360000000002
138.947
138.9505
138.9488
138.95010000000002
138.9439
138.9393
138.9403
138.9366
138.9282
138.91940000000002
138.9189
138.9041
138.8933
138.8853
138.87490000000003
138.86370000000002
138.85340000000002
138.8376
138.82330000000002
138.8108
138.799
138.78990000000002
138.7639
138.74730000000002
138.7161
138.7022
138.685
138.6705
138.6511
138.63490000000002
138.622
138.6037
138.59220000000002
138.58700000000002
138.5686
138.55010000000001
138.53570000000002
138.5308
138.5182
138.5155
138.4933
138.49380000000002
138.4839
138.4773
138.47230000000002
138.4738
138.4734
138.46900000000002
138.46800000000002
138.45780000000002
138.4626
138.46370000000002
138.45610000000002
138.45280000000002
138.44650000000001
138.44140000000002
138.44160000000002
138.4275
138.42180000000002
138.4075
138.3939
138.3852
138.3651
138.3497
138.3347
138.3193
138.2999
138.27960000000002
138.2603
138.2401
138.2133
138.19850000000002
138.1816
138.16770000000002
138.1472
138.13410000000002
138.11440000000002
138.09310000000002
138.0788
138.0643
138.0514
138.02900000000002
138.0132
138.0008
137.983
137.9692
137.96300000000002
137.9591
137.9512
137.9437
137.94410000000002
137.959
137.95680000000002
137.94510000000002
137.953
137.9506
137.95510000000002
137.949
137.95700000000002
137.9567
137.9422
137.93980000000002
137.93880000000001
137.937
137.935
137.92950000000002
137.9208
137.9138
137.90400000000002
137.8948
137.88770000000002
137.87740000000002
137.8561
137.85080000000002
137.8386
137.82150000000001
137.812
137.80610000000001
137.7905
137.7742
137.758
137.7536
137.7384
137.7281
137.7151
137.711
137.6994
137.6946
137.67940000000002
137.68550000000002
137.68130000000002
137.674
137.6725
137.6731
137.6747
137.6729
137.67190000000002
137.6738
137.67770000000002
137.67530000000002
137.6714
137.6841
137.6879
137.6946
137.69160000000002
137.6946
137.6867
137.6845
137.68140000000002
137.68030000000002
137.67200000000003
137.6721
137.6576
137.65830000000003
137.6346
137.6271
137.6176
137.6064
137.5959
137.5851
137.5782
137.57090000000002
137.5573
137.5497
137.5377
137.5329
137.52540000000002
137.51080000000002
137.50740000000002
137.50230000000002
137.5035
137.5053
137.49540000000002
137.4907
137.49120000000002
137.48680000000002
137.4914
137.4926
137.49900000000002
137.506
137.5095
137.5115
137.5148
137.52730000000003
137.5379
137.5423
137.55100000000002
137.55200000000002
137.57500000000002
137.5787
137.5859
137.5903
137.5959
137.5942
137.59300000000002
137.59750000000003
137.5946
137.59580000000003
137.58540000000002
137.58360000000002
137.57840000000002
137.5737
137.5678
137.561
137.56130000000002
137.55020000000002
137.5472
137.5498
137.5428
137.53750000000002
137.52900000000002
137.5277
137.5282
137.5294
137.52970000000002
137.53740000000002
137.537
137.5403
137.5446
137.5499
137.56550000000001
137.5703
137.5765
137.59050000000002
137.5993
137.6028
137.6115
137.62810000000002
137.6429
137.64540000000002
137.6545
137.6686
137.6781
137.6867
137.6988
137.6972
137.70520000000002
137.71450000000002
137.7246
137.7315
137.7328
137.7384
137.7296
137.7391
137.74810000000002
137.7504
137.75900000000001
137.7706
137.7692
137.7698
137.77530000000002
137.7774
137.7801
137.7835
137.78570000000002
137.7851
137.79410000000001
137.7939
137.7983
137.8135
137.8193
137.8247
137.8342
137.83700000000002
137.8471
137.8571
137.8676
137.8878
137.901
137.92260000000002
137.93380000000002
137.94680000000002
137.96290000000002
137.97760000000002
137.9891
138.0079
138.02130000000002
138.0316
138.04520000000002
138.05720000000002
138.0667
138.0903
138.1072
138.11450000000002
138.12460000000002
138.14260000000002
138.1579
138.1637
138.17100000000002
138.1782
138.1918
138.2097
138.22410000000002
138.234
138.23780000000002
138.2491
138.25490000000002
138.25990000000002
138.2699
138.275
138.27900000000002
138.2893
138.2844
138.2928
138.3015
138.3129
138.30970000000002
138.31240000000003
138.3099
138.3246
138.32520000000002
138.33030000000002
138.3393
138.3597
138.3701
138.3737
138.38510000000002
138.3983
138.4147
138.4258
138.435
138.45850000000002
138.48010000000002
138.4975
138.5146
138.52620000000002
138.54080000000002
138.54440000000002
138.57010000000002
138.5847
138.6005
138.6079
138.62
138.63670000000002
138.64430000000002
138.65290000000002
138.6585
138.6749
138.6766
138.69080000000002
138.70250000000001
138.70430000000002
138.71300000000002
138.7209
138.721
138.7314
138.7372
138.74130000000002
138.7416
138.745
138.7495
138.75590000000003
138.76180000000002
138.7701
138.7743
138.77980000000002
138.7862
138.7889
138.7953
138.81150000000002
138.8263
138.8365
138.85060000000001
138.8668
138.8744
138.89770000000001
138.91060000000002
138.90890000000002
138.9344
138.95100000000002
138.9677
138.9874
139.00820000000002
139.0248
139.0428
139.0669
139.095
139.11530000000002
139.13000000000002
139.1527
139.16400000000002
139.17700000000002
139.18880000000001
139.2023
139.2055
139.2152
139.22160000000002
139.22400000000002
139.2269
139.2347
139.2406
139.2346
139.2435
139.24550000000002
139.2466
139.252
139.2554
139.2637
139.2655
139.27110000000002
139.2837
139.2828
139.28830000000002
139.29350000000002
139.298
139.3022
139.3065
139.31050000000002
139.3125
139.31920000000002
139.32410000000002
139.33010000000002
139.34
139.3537
139.36020000000002
139.3683
139.37820000000002
139.3934
139.40820000000002
139.4242
139.4317
139.44580000000002
139.4712
139.4841
139.4935
139.5103
139.518
139.5345
139.54680000000002
139.55190000000002
139.55290000000002
139.56640000000002
139.5762
139.59140000000002
139.5984
139.6057
139.61100000000002
139.6138
139.62
139.6237
139.6242
139.6165
139.62300000000002
139.61890000000002
139.6194
139.61370000000002
139.61460000000002
139.61630000000002
139.6173
139.62210000000002
139.62290000000002
139.62810000000002
139.63250000000002
139.6434
139.6464
139.6492
139.65730000000002
139.6663
139.67110000000002
139.67450000000002
139.6866
139.6946
139.69840000000002
139.71020000000001
139.7114
139.7194
139.7253
139.7358
139.7349
139.7554
139.763
139.7715
139.7739
139.79170000000002
139.7946
139.80370000000002
139.81050000000002
139.8143
139.82420000000002
139.8255
139.83370000000002
139.8416
139.84380000000002
139.8523
139.8596
139.866
139.8709
139.87570000000002
139.87210000000002
139.8709
139.8698
139.8604
139.8479
139.8519
139.84830000000002
139.83950000000002
139.83030000000002
139.8193
139.80290000000002
139.7947
139.79240000000001
139.7834
139.7802
139.768
139.76850000000002
139.76350000000002
139.76350000000002
139.7588
139.7525
139.7486
139.74110000000002
139.7384
139.7332
139.7295
139.72920000000002
139.7255
139.7195
139.71880000000002
139.7234
139.72750000000002
139.73170000000002
139.7356
139.73870000000002
139.7329
139.74
139.7461
139.74980000000002
139.7546
139.7589
139.763
139.7663
139.7674
139.7765
139.7761
139.77130000000002
139.77190000000002
139.7749
139.7742
139.7726
139.75920000000002
139.76510000000002
139.7542
139.74110000000002
139.738
139.726
139.7175
139.7166
139.6964
139.68140000000002
139.6626
139.651
139.6302
139.62980000000002
139.63090000000003
139.6193
139.6031
139.5849
139.5773
139.56380000000001
139.5557
139.5513
139.5403
139.53320000000002
139.52640000000002
139.52020000000002
139.51500000000001
139.50320000000002
139.48760000000001
139.4874
139.4822
139.4683
139.4685
139.4652
139.45010000000002
139.4506
139.4426
139.42940000000002
139.4377
139.4248
139.4203
139.4011
139.3998
139.39200000000002
139.37570000000002
139.37
139.3582
139.35340000000002
139.3437
139.3332
139.3228
139.32350000000002
139.316
139.29500000000002
139.2876
139.2722
139.2632
139.2529
139.25230000000002
139.2389
139.22740000000002
139.22220000000002
139.20960000000002
139.2081
139.2046
139.19490000000002
139.18640000000002
139.18110000000001
139.1733
139.16910000000001
139.1678
139.16490000000002
139.162
139.1499
139.14610000000002
139.1372
139.12830000000002
139.12050000000002
139.12390000000002
139.11690000000002
139.11880000000002
139.1012
139.09310000000002
139.0877
139.0766
139.0625
139.053
139.048
139.03560000000002
139.02550000000002
139.01850000000002
138.9969
138.98860000000002
138.97660000000002
138.9623
138.946
138.9272
138.9078
138.86970000000002
138.8539
138.8314
138.8134
138.798
138.77880000000002
138.76250000000002
138.7467
138.73080000000002
138.71460000000002
138.70260000000002
138.68980000000002
138.6747
138.6731
138.6596
138.64520000000002
138.63490000000002
138.6226
138.60660000000001
138.6011
138.59140000000002
138.5728
138.5738
138.5584
138.5462
138.5405
138.5353
138.5256
138.51500000000001
138.5064
138.4905
138.48100000000002
138.4797
138.4649
138.45960000000002
138.43740000000003
138.41750000000002
138.40400000000002
138.3814
138.37380000000002
138.3624
138.3518
138.3462
138.341
138.3196
138.3076
138.29670000000002
138.2843
138.2716
138.2615
138.2449
138.2365
138.2254
138.2213
138.21710000000002
138.20700000000002
138.19400000000002
138.17180000000002
138.16570000000002
138.1511
138.14430000000002
138.1357
138.1277
138.1224
138.1156
138.1183
138.107
138.0941
138.08270000000002
138.07850000000002
138.0704
138.0568
138.0542
138.03740000000002
138.031
138.0164
137.9977
137.9959
137.9806
137.9744
137.95780000000002
137.9522
137.9447
137.9258
137.9169
137.8951
137.8882
137.8751
137.86870000000002
137.83970000000002
137.82780000000002
137.8171
137.80610000000001
137.78750000000002
137.77700000000002
137.7595
137.7467
137.7415
137.735
137.72060000000002
137.7124
137.704
137.6971
137.692
137.6918
137.6792
137.6705
137.6672
137.6708
137.6647
137.66310000000001
137.6561
137.66850000000002
137.6699
137.6645
137.6562
137.6567
137.64780000000002
137.6571
137.6603
137.6682
137.65980000000002
137.6502
137.6391
137.6369
137.6329
137.6275
137.6159
137.5925
137.60340000000002
137.59220000000002
137.585
137.5756
137.5611
137.55610000000001
137.5568
137.5466
137.53830000000002
137.52980000000002
137.52370000000002
137.5149
137.5055
137.5001
137.4976
137.502
137.49620000000002
137.4925
137.488
137.4925
137.4906
137.488
137.4882
137.494
137.4976
137.5029
137.49800000000002
137.496
137.49730000000002
137.4995
137.5042
137.50390000000002
137.50570000000002
137.5009
137.49970000000002
137.5011
137.50400000000002
137.5046
137.5019
137.4968
137.4948
137.50140000000002
137.4985
137.4995
137.4984
137.49620000000002
137.50320000000002
137.49810000000002
137.4991
137.4839
137.4824
137.47250000000003
137.476
137.46790000000001
137.46300000000002
137.46790000000001
137.4685
137.4685
137.4657
137.4644
137.46200000000002
137.4615
137.45680000000002
137.46480000000003
137.4668
137.46480000000003
137.4607
137.46050000000002
137.46650000000002
137.47570000000002
137.4812
137.48610000000002
137.49190000000002
137.5017
137.5148
137.5206
137.52790000000002
137.5368
137.54260000000002
137.54850000000002
137.5522
137.5568
137.56310000000002
137.57070000000002
137.5712
137.57330000000002
137.57610000000003
137.5771
137.5806
137.59140000000002
137.5876
137.5864
137.58030000000002
137.58190000000002
137.5907
137.5848
137.58870000000002
137.59140000000002
137.5945
137.5985
137.59910000000002
137.5996
137.60150000000002
137.6073
137.6106
137.61270000000002
137.6262
137.6278
137.6388
137.6489
137.65820000000002
137.6601
137.6776
137.6998
137.7089
137.7234
137.73000000000002
137.73780000000002
137.7666
137.78560000000002
137.79270000000002
137.8049
137.8169
137.83
137.8426
137.8513
137.86710000000002
137.88600000000002
137.89600000000002
137.91340000000002
137.91660000000002
137.92770000000002
137.9349
137.9539
137.971
137.97930000000002
137.9891
137.9941
137.99360000000001
138.0095
138.01680000000002
138.02700000000002
138.03040000000001
138.03560000000002
138.0376
138.04170000000002
138.0492
138.0591
138.0677
138.0847
138.0924
138.09820000000002
138.1063
138.113
138.1183
138.13260000000002
138.13430000000002
138.14270000000002
138.1568
138.1645
138.174
138.1815
138.1961
138.21450000000002
138.21990000000002
138.2415
138.2527
138.25930000000002
138.276
138.2998
138.3133
138.33380000000002
138.34750000000003
138.3553
138.37050000000002
138.3837
138.3942
138.4053
138.41670000000002
138.42790000000002
138.43390000000002
138.44570000000002
138.45280000000002
138.45710000000003
138.4683
138.47570000000002
138.483
138.48960000000002
138.4975
138.50930000000002
138.50230000000002
138.5124
138.5208
138.52710000000002
138.538
138.5431
138.5543
138.5584
138.5753
138.58200000000002
138.5881
138.59550000000002
138.6113
138.61870000000002
138.6301
138.64960000000002
138.65480000000002
138.6689
138.68470000000002
138.70250000000001
138.71450000000002
138.7315
138.74300000000002
138.7577
138.78580000000002
138.8103
138.81640000000002
138.8282
138.84230000000002
138.84990000000002
138.86360000000002
138.87230000000002
138.8915
138.9024
138.9075
138.92170000000002
138.9246
138.9438
138.9559
138.96
138.97150000000002
138.9762
138.9838
138.9924
138.99800000000002
139.0044
139.0038
139.0106
139.0208
139.0148
139.0179
139.02020000000002
139.0318
139.0359
139.0474
139.0594
139.0669
139.0797
139.0866
139.09310000000002
139.11280000000002
139.1236
139.1293
139.144
139.1492
139.15800000000002
139.1673
139.1793
139.19310000000002
139.2041
139.22060000000002
139.2311
139.2423
139.2534
139.2571
139.28390000000002
139.28240000000002
139.2999
139.31400000000002
139.34050000000002
139.3463
139.3555
139.3698
139.3794
139.3882
139.401
139.41670000000002
139.42600000000002
139.42520000000002
139.4368
139.4454
139.4592
139.46310000000003
139.46820000000002
139.46380000000002
139.4726
139.4847
139.4897
139.50050000000002
139.50310000000002
139.506
139.5044
139.51440000000002
139.52290000000002
139.5258
139.52210000000002
139.536
139.5327
139.5387
139.5406
139.54770000000002
139.5482
139.5593
139.56400000000002
139.57010000000002
139.5799
139.5842
139.5876
139.59740000000002
139.6192
139.62630000000001
139.6395
139.651
139.66000000000003
139.67540000000002
139.68560000000002
139.6939
139.7084
139.72760000000002
139.739
139.7537
139.7682
139.77810000000002
139.78560000000002
139.8024
139.8134
139.8202
139.83120000000002
139.8322
139.8358
139.83550000000002
139.8443
139.84310000000002
139.82850000000002
139.84380000000002
139.84230000000002
139.83880000000002
139.84320000000002
139.83810000000003
139.8315
139.8365
139.824
139.8185
139.82170000000002
139.8204
139.8179
139.8169
139.8108
139.8091
139.8092
139.8051
139.80530000000002
139.80980000000002
139.81470000000002
139.8134
139.8143
139.8238
139.8264
139.82520000000002
139.83380000000002
139.8377
139.8374
139.83890000000002
139.8382
139.83710000000002
139.8351
139.8316
139.82920000000001
139.8288
139.8306
139.8223
139.8212
139.8214
139.8197
139.8109
139.8083
139.7912
139.77280000000002
139.77040000000002
139.75990000000002
139.7469
139.74
139.72320000000002
139.7133
139.6997
139.6996
139.6756
139.6629
139.66240000000002
139.655
139.64880000000002
139.63930000000002
139.63170000000002
139.61870000000002
139.6194
139.61180000000002
139.603
139.5971
139.5937
139.58950000000002
139.58360000000002
139.5822
139.58210000000003
139.5825
139.58020000000002
139.5809
139.578
139.5843
139.5791
139.5815
139.57180000000002
139.574
139.57680000000002
139.56990000000002
139.5663
139.5627
139.56470000000002
139.56230000000002
139.5535
139.5456
139.54330000000002
139.54080000000002
139.5226
139.5164
139.51500000000001
139.5121
139.50310000000002
139.4977
139.47920000000002
139.4652
139.4549
139.447
139.4198
139.4078
139.3956
139.3831
139.37040000000002
139.3513
139.3394
139.3322
139.3228
139.30380000000002
139.2975
139.29510000000002
139.2819
139.2817
139.2743
139.2673
139.26180000000002
139.2615
139.25750000000002
139.2495
139.24800000000002
139.2487
139.2526
139.2495
139.25
139.2452
139.223
139.21810000000002
139.21810000000002
139.204
139.2031
139.1883
139.1801
139.1749
139.16490000000002
139.1535
139.13510000000002
139.1237
139.11440000000002
139.0951
139.072
139.0617
139.0508
139.0398
139.0232
139.0008
138.9736
138.9556
138.9445
138.91930000000002
138.9028
138.8968
138.8855
138.8604
138.8529
138.8205
138.8102
138.79250000000002
138.77970000000002
138.7631
138.75760000000002
138.74710000000002
138.7339
138.7253
138.7152
138.7032
138.70610000000002
138.6946
138.696
138.69240000000002
138.69150000000002
138.69060000000002
138.68460000000002
138.68390000000002
138.67710000000002
138.6714
138.66930000000002
138.667
138.66170000000002
138.65460000000002
138.64800000000002
138.64610000000002
138.63260000000002
138.62390000000002
138.61
138.5934
138.57500000000002
138.5552
138.542
138.52040000000002
138.5079
138.49190000000002
138.4583
138.43470000000002
138.4317
138.4111
138.3905
138.3711
138.35320000000002
138.33890000000002
138.32860000000002
138.31650000000002
138.30180000000001
138.2887
138.2792
138.26360000000003
138.25320000000002
138.2427
138.22150000000002
138.2264
138.1994
138.19840000000002
138.1913
138.1844
138.17100000000002
138.1712
138.168
138.1585
138.1576
138.1516
138.137
138.1322
138.122
138.11120000000003
138.11
138.09480000000002
138.08200000000002
138.0654
138.056
138.03070000000002
138.02450000000002
138.02100000000002
138.0069
137.9943
137.9884
137.9772
137.9669
137.9506
137.9447
137.9345
137.9247
137.91310000000001
137.9127
137.9015
137.8914
137.8864
137.87800000000001
137.8667
137.85760000000002
137.85770000000002
137.8539
137.8493
137.8364
137.83350000000002
137.8253
137.8221
137.8159
137.81150000000002
137.8084
137.80030000000002
137.7911
137.78820000000002
137.7827
137.77530000000002
137.77100000000002
137.75670000000002
137.75410000000002
137.74110000000002
137.73610000000002
137.738
137.7296
137.72670000000002
137.72230000000002
137.7126
137.7056
137.7013
137.6946
137.6842
137.6823
137.66760000000002
137.6689
137.65990000000002
137.6501
137.64790000000002
137.6378
137.6278
137.6155
137.616
137.6147
137.5995
137.5936
137.59050000000002
137.5867
137.57920000000001
137.5747
137.57330000000002
137.574
137.5713
137.5729
137.57930000000002
137.5804
137.5809
137.5806
137.57510000000002
137.5901
137.5899
137.59140000000002
137.59390000000002
137.5909
137.5843
137.5866
137.59
137.58450000000002
137.571
137.5728
137.57930000000002
137.5697
137.5541
137.5507
137.5479
137.5532
137.5513
137.5496
137.5402
137.537
137.5376
137.5337
137.52300000000002
137.52550000000002
137.5257
137.5299
137.5155
137.52460000000002
137.52470000000002
137.52360000000002
137.5239
137.5283
137.52280000000002
137.5226
137.5132
137.52
137.51950000000002
137.50990000000002
137.51270000000002
137.52300000000002
137.5265
137.53070000000002
137.53140000000002
137.538
137.54160000000002
137.538
137.5455
137.55640000000002
137.5551
137.5668
137.5654
137.57590000000002
137.58010000000002
137.5825
137.58360000000002
137.5874
137.5907
137.5928
137.5945
137.5961
137.60150000000002
137.59920000000002
137.6013
137.6005
137.5962
137.59740000000002
137.5925
137.5851
137.5833
137.5882
137.5865
137.5839
137.59480000000002
137.58960000000002
137.5868
137.5892
137.5899
137.60260000000002
137.60430000000002
137.6165
137.6181
137.633
137.6399
137.64610000000002
137.6526
137.662
137.6729
137.68050000000002
137.6988
137.71560000000002
137.7339
137.7407
137.74200000000002
137.76700000000002
137.7775
137.7965
137.8069
137.8084
137.815
137.824
137.8287
137.83800000000002
137.84320000000002
137.8469
137.8462
137.8531
137.8537
137.8608
137.8616
137.8651
137.87390000000002
137.8728
137.88230000000001
137.8899
137.89270000000002
137.9001
137.8958
137.90470000000002
137.9203
137.93120000000002
137.934
137.9377
137.9438
137.95010000000002
137.9695
137.96730000000002
137.9763
137.9986
138.012
138.0155
138.02550000000002
138.0317
138.04410000000001
138.0568
138.0732
138.0988
138.1104
138.1252
138.1457
138.16140000000001
138.1792
138.1943
138.21200000000002
138.2304
138.25900000000001
138.2756
138.2921
138.30780000000001
138.3236
138.32940000000002
138.3351
138.3411
138.35160000000002
138.3633
138.3692
138.38250000000002
138.3925
138.4051
138.40990000000002
138.41320000000002
138.4129
138.4231
138.4324
138.4396
138.45270000000002
138.46110000000002
138.4734
138.4837
138.49890000000002
138.49530000000001
138.5062
138.51430000000002
138.5197
138.5343
138.5445
138.556
138.57770000000002
138.58610000000002
138.601
138.60750000000002
138.6148
138.6302
138.6424
138.6636
138.6776
138.69420000000002
138.70250000000001
138.72570000000002
138.7477
138.7518
138.77100000000002
138.77980000000002
138.7966
138.8118
138.81660000000002
138.8358
138.8468
138.85520000000002
138.8666
138.8716
138.87490000000003
138.88580000000002
138.8896
138.9034
138.9171
138.9233
138.9325
138.9375
138.9426
138.94850000000002
138.95180000000002
138.9633
138.97220000000002
138.97080000000003
138.98170000000002
138.984
138.9848
138.9856
138.98870000000002
139.0047
139.0069
139.0113
139.0146
139.01760000000002
139.02980000000002
139.0359
139.0539
139.061
139.0736
139.0911
139.10070000000002
139.1192
139.1322
139.145
139.1576
139.17950000000002
139.1912
139.202
139.2323
139.22910000000002
139.24970000000002
139.25990000000002
139.2751
139.29440000000002
139.30550000000002
139.3212
139.3364
139.35160000000002
139.369
139.3777
139.3916
139.40640000000002
139.4188
139.4333
139.4439
139.4537
139.4675
139.47740000000002
139.4771
139.4771
139.48770000000002
139.49470000000002
139.497
139.4978
139.5028
139.5086
139.5122
139.5122
139.51950000000002
139.5154
139.5225
139.5319
139.52700000000002
139.53070000000002
139.53830000000002
139.5421
139.5507
139.5524
139.55040000000002
139.5668
139.5886
139.5986
139.59750000000003
139.6063
139.6138
139.6198
139.6236
139.6321
139.644
139.65120000000002
139.65720000000002
139.66760000000002
139.67340000000002
139.6801
139.69510000000002
139.69840000000002
139.70360000000002
139.7063
139.7075
139.7141
139.72070000000002
139.72080000000003
139.72670000000002
139.72070000000002
139.7203
139.73700000000002
139.73790000000002
139.7322
139.7296
139.7348
139.73350000000002
139.73530000000002
139.73260000000002
139.7328
139.73590000000002
139.7346
139.73340000000002
139.7281
139.7289
139.7253
139.72390000000001
139.72080000000003
139.7252
139.7298
139.7272
139.7381
139.746
139.741
139.745
139.7501
139.75390000000002
139.7589
139.7605
139.7688
139.7714
139.7725
139.7774
139.776
139.78990000000002
139.79780000000002
139.8016
139.80810000000002
139.81320000000002
139.81550000000001
139.821
139.8227
139.8197
139.8231
139.8232
139.824
139.8246
139.8229
139.81050000000002
139.8026
139.7988
139.7922
139.78060000000002
139.7697
139.7551
139.74460000000002
139.73600000000002
139.73000000000002
139.7261
139.71980000000002
139.70700000000002
139.7021
139.7016
139.69910000000002
139.69150000000002
139.68370000000002
139.6861
139.6866
139.68800000000002
139.67770000000002
139.6783
139.67260000000002
139.673
139.6746
139.6707
139.67440000000002
139.6792
139.67430000000002
139.67700000000002
139.6747
139.6731
139.66670000000002
139.6784
139.6793
139.67790000000002
139.68200000000002
139.6809
139.6842
139.67700000000002
139.6789
139.6712
139.6571
139.6484
139.64110000000002
139.6345
139.6242
139.6121
139.59470000000002
139.58630000000002
139.57250000000002
139.5599
139.54870000000003
139.5368
139.51420000000002
139.50580000000002
139.4978
139.4829
139.4737
139.4657
139.4549
139.44670000000002
139.4401
139.4283
139.41170000000002
139.40830000000003
139.4036
139.40060000000003
139.3965
139.39440000000002
139.3853
139.3762
139.37290000000002
139.36720000000003
139.357
139.34640000000002
139.3369
139.3364
139.32170000000002
139.31140000000002
139.3035
139.28740000000002
139.2809
139.276
139.2709
139.25500000000002
139.2536
139.2424
139.2324
139.2202
139.2157
139.19910000000002
139.18910000000002
139.1784
139.15800000000002
139.14180000000002
139.1302
139.1194
139.10320000000002
139.0954
139.0809
139.06310000000002
139.0522
139.0411
139.01950000000002
139.0102
138.9949
138.98020000000002
138.9727
138.9658
138.9359
138.9379
138.93200000000002
138.9096
138.9061
138.8929
138.8769
138.87910000000002
138.87130000000002
138.8658
138.8469
138.8462
138.8374
138.8322
138.8309
138.81740000000002
138.80790000000002
138.79250000000002
138.7793
138.7662
138.7637
138.7433
138.7313
138.7135
138.70680000000002
138.69230000000002
138.67200000000003
138.65650000000002
138.6515
138.6347
138.6199
138.6027
138.5944
138.5645
138.5573
138.53040000000001
138.5174
138.489
138.4736
138.44910000000002
138.42270000000002
138.4086
138.39700000000002
138.3819
138.3563
138.3333
138.3273
138.3179
138.3048
138.293
138.28320000000002
138.2752
138.2671
138.2622
138.2614
138.2416
138.24120000000002
138.2373
138.2354
138.2229
138.21710000000002
138.21470000000002
138.2124
138.2037
138.19830000000002
138.19740000000002
138.185
138.1738
138.1643
138.14710000000002
138.14200000000002
138.13260000000002
138.113
138.0997
138.0883
138.0661
138.055
138.0252
138.0079
137.98850000000002
137.9701
137.93720000000002
137.91940000000002
137.9144
137.8955
137.8802
137.8608
137.8487
137.834
137.8213
137.8058
137.78560000000002
137.7778
137.7733
137.7603
137.75590000000003
137.7389
137.7288
137.722
137.71550000000002
137.7067
137.6962
137.6887
137.6809
137.6716
137.6662
137.65720000000002
137.65040000000002
137.6353
137.6181
137.61440000000002
137.60410000000002
137.5849
137.57080000000002
137.5524
137.5368
137.53310000000002
137.51770000000002
137.50750000000002
137.49200000000002
137.4823
137.4744
137.4558
137.4516
137.42880000000002
137.4214
137.41770000000002
137.40830000000003
137.3972
137.39520000000002
137.38760000000002
137.3787
137.3767
137.3786
137.3732
137.36860000000001
137.3717
137.36950000000002
137.3666
137.36100000000002
137.35080000000002
137.3574
137.3599
137.36010000000002
137.35670000000002
137.36190000000002
137.3512
137.3634
137.3511
137.35500000000002
137.35260000000002
137.352
137.35240000000002
137.34040000000002
137.34300000000002
137.3367
137.3265
137.3129
137.30630000000002
137.28820000000002
137.28830000000002
137.2843
137.2759
137.2613
137.25480000000002
137.2542
137.23510000000002
137.22910000000002
137.204
137.2058
137.19920000000002
137.1943
137.1843
137.18390000000002
137.1708
137.1708
137.1594
137.15550000000002
137.15220000000002
137.14790000000002
137.14180000000002
137.1432
137.1381
137.1295
137.13080000000002
137.14010000000002
137.14180000000002
137.1442
137.1493
137.1458
137.1569
137.15380000000002
137.1696
137.1784
137.185
137.1893
137.19920000000002
137.20620000000002
137.2114
137.22050000000002
137.21450000000002
137.2213
137.2277
137.2262
137.226
137.21970000000002
137.22420000000002
137.23590000000002
137.22560000000001
137.2339
137.2355
137.23270000000002
137.2333
137.2261
137.227
137.22740000000002
137.2341
137.23700000000002
137.23930000000001
137.2405
137.2465
137.2597
137.2595
137.26170000000002
137.2706
137.2649
137.2791
137.28910000000002
137.2988
137.304
137.3169
137.32760000000002
137.33700000000002
137.34060000000002
137.3505
137.36200000000002
137.37050000000002
137.37830000000002
137.37990000000002
137.3835
137.3924
137.40900000000002
137.419
137.4207
137.4387
137.4438
137.44930000000002
137.4641
137.4684
137.47160000000002
137.4751
137.47140000000002
137.47760000000002
137.4858
137.48610000000002
137.4931
137.49880000000002
137.50050000000002
137.50050000000002
137.49880000000002
137.50150000000002
137.5051
137.5095
137.524
137.5344
137.53580000000002
137.5608
137.57950000000002
137.58790000000002
137.61100000000002
137.61530000000002
137.6331
137.6482
137.65990000000002
137.6861
137.7073
137.72410000000002
137.74640000000002
137.7638
137.7912
137.8107
137.8326
137.85430000000002
137.86890000000002
137.8983
137.9071
137.9135
137.93390000000002
137.9554
137.96720000000002
137.9867
138.0002
138.0266
138.0448
138.06210000000002
138.0849
138.09730000000002
138.10750000000002
138.1083
138.1293
138.144
138.1594
138.1739
138.17180000000002
138.1886
138.19830000000002
138.2184
138.22140000000002
138.23420000000002
138.246
138.25930000000002
138.27020000000002
138.2809
138.2932
138.3127
138.32170000000002
138.3306
138.3428
138.35770000000002
138.37560000000002
138.38670000000002
138.4077
138.4164
138.43480000000002
138.46030000000002
138.4789
138.4977
138.50900000000001
138.53740000000002
138.56
138.57350000000002
138.589
138.6038
138.62990000000002
138.6534
138.67200000000003
138.68630000000002
138.70680000000002
138.7255
138.73770000000002
138.7534
138.76670000000001
138.7914
138.80540000000002
138.8247
138.8495
138.8639
138.8872
138.9138
138.92540000000002
138.93710000000002
138.95020000000002
138.9625
138.98270000000002
138.9986
139.01270000000002
139.032
139.04940000000002
139.0619
139.0764
139.0902
139.10500000000002
139.11540000000002
139.13250000000002
139.15210000000002
139.1592
139.1785
139.19670000000002
139.20340000000002
139.222
139.2341
139.2538
139.27210000000002
139.2829
139.315
139.33610000000002
139.3505
139.3776
139.3973
139.41830000000002
139.4344
139.4538
139.4744
139.4839
139.4933
139.51160000000002
139.5269
139.54000000000002
139.5534
139.5697
139.5723
139.58110000000002
139.59140000000002
139.5969
139.6116
139.6132
139.6177
139.62210000000002
139.62810000000002
139.62630000000001
139.6371
139.6378
139.63850000000002
139.64800000000002
139.65830000000003
139.6645
139.6671
139.68110000000001
139.6868
139.6909
139.70440000000002
139.72080000000003
139.7346
139.7443
139.75920000000002
139.7743
139.78400000000002
139.8039
139.8188
139.82840000000002
139.8467
139.85930000000002
139.8805
139.901
139.91770000000002
139.9443
139.965
139.9856
140.0044
140.02460000000002
140.04510000000002
140.06040000000002
140.08870000000002
140.098
140.1138
140.13770000000002
140.1561
140.16510000000002
140.1806
140.1878
140.19330000000002
140.1977
140.2076
140.2108
140.2187
140.22420000000002
140.2338
140.24
140.2451
140.25760000000002
140.2588
140.2639
140.2649
140.2705
140.2724
140.2802
140.2819
140.28130000000002
140.2912
140.2958
140.3013
140.2999
140.30280000000002
140.30630000000002
140.3082
140.30710000000002
140.31310000000002
140.31
140.31410000000002
140.31910000000002
140.32070000000002
140.3236
140.3273
140.33720000000002
140.33370000000002
140.33800000000002
140.33980000000003
140.3347
140.3376
140.34120000000001
140.3485
140.34990000000002
140.35080000000002
140.3424
140.33950000000002
140.3546
140.35080000000002
140.35850000000002
140.3639
140.3658
140.36630000000002
140.3664
140.3681
140.37120000000002
140.3734
140.3821
140.377
140.37490000000003
140.37120000000002
140.3655
140.3544
140.3469
140.34560000000002
140.345
140.33440000000002
140.33030000000002
140.3212
140.3152
140.30970000000002
140.29950000000002
140.28650000000002
140.268
140.2621
140.23940000000002
140.2337
140.23790000000002
140.2306
140.22500000000002
140.2202
140.2132
140.21450000000002
140.21020000000001
140.20690000000002
140.20170000000002
140.1969
140.1946
140.1969
140.20080000000002
140.2005
140.20190000000002
140.2031
140.2047
140.2046
140.193
140.19310000000002
140.1774
140.1747
140.1687
140.15820000000002
140.1499
140.1425
140.1379
140.1167
140.11540000000002
140.1039
140.0927
140.08290000000002
140.05980000000002
140.0473
140.0359
140.0242
140.00490000000002
139.991
139.9854
139.97390000000001
139.96
139.94420000000002
139.9291
139.91830000000002
139.90650000000002
139.89190000000002
139.8848
139.8767
139.859
139.85330000000002
139.8427
139.84140000000002
139.83610000000002
139.8279
139.82340000000002
139.8093
139.7988
139.7872
139.7722
139.76700000000002
139.7615
139.7525
139.74530000000001
139.74190000000002
139.7287
139.72240000000002
139.71980000000002
139.7054
139.69660000000002
139.68730000000002
139.6764
139.66760000000002
139.65200000000002
139.6335
139.609
139.60410000000002
139.5892
139.5757
139.5663
139.5481
139.5377
139.51500000000001
139.4967
139.48250000000002
139.46900000000002
139.4609
139.4413
139.42100000000002
139.399
139.3726
139.36530000000002
139.34990000000002
139.3392
139.32240000000002
139.3187
139.30710000000002
139.2945
139.29000000000002
139.28300000000002
139.2655
139.2577
139.24040000000002
139.2286
139.20960000000002
139.2013
139.1825
139.1696
139.1506
139.1372
139.11540000000002
139.09900000000002
139.08620000000002
139.0679
139.0552
139.0432
139.0312
139.01870000000002
139.00130000000001
138.9789
138.9573
138.94340000000003
138.9275
138.9104
138.893
138.8762
138.857
138.83350000000002
138.8082
138.78730000000002
138.77700000000002
138.7449
138.73620000000003
138.7141
138.7039
138.68460000000002
138.6758
138.65640000000002
138.63850000000002
138.6329
138.6192
138.60750000000002
138.60090000000002
138.5926
138.5849
138.57680000000002
138.5712
138.5629
138.5566
138.5428
138.52710000000002
138.5251
138.52030000000002
138.5113
138.5018
138.49210000000002
