178.0559
178.0141
177.97230000000002
177.93050000000002
177.9514
177.97230000000002
177.9932
178.0141
178.03500000000003
178.04960000000003
178.05800000000002
178.0663
178.0747
178.08300000000003
178.09140000000002
178.09560000000002
178.09980000000002
178.1039
178.1081
178.1123
178.1081
178.09560000000002
178.08300000000003
178.0705
178.05800000000002
178.0454
178.02040000000002
177.99530000000001
177.9702
177.94510000000002
177.92010000000002
177.92630000000003
177.96390000000002
178.00160000000002
178.03920000000002
178.07680000000002
178.11440000000002
178.07680000000002
178.03920000000002
178.00160000000002
177.96390000000002
177.92630000000003
177.90750000000003
177.90750000000003
177.90750000000003
177.90750000000003
177.90750000000003
177.90750000000003
177.91590000000002
177.92430000000002
177.9326
177.941
177.94930000000002
177.95350000000002
177.95350000000002
177.95350000000002
177.95350000000002
177.95350000000002
177.95350000000002
177.966
177.97860000000003
177.99110000000002
178.0036
178.01620000000003
178.00160000000002
177.9598
177.918
177.8762
177.83440000000002
177.79260000000002
177.80100000000002
177.8093
177.8177
177.82600000000002
177.83440000000002
177.83440000000002
177.82600000000002
177.8177
177.8093
177.80100000000002
177.79260000000002
177.7717
177.75080000000003
177.72990000000001
177.7091
177.68820000000002
177.67980000000003
177.68400000000003
177.68820000000002
177.69230000000002
177.69650000000001
177.7007
177.69650000000001
177.69230000000002
177.68820000000002
177.68400000000003
177.67980000000003
177.67770000000002
177.67770000000002
177.67770000000002
177.67770000000002
177.67770000000002
177.67770000000002
177.69860000000003
177.7195
177.74040000000002
177.7613
177.78220000000002
177.7843
177.7675
177.75080000000003
177.7341
177.71740000000003
177.7007
177.7007
177.7007
177.7007
177.7007
177.7007
177.70280000000002
177.70700000000002
177.71120000000002
177.7153
177.7195
177.7237
177.7279
177.73200000000003
177.73620000000003
177.74040000000002
177.74460000000002
177.74040000000002
177.7279
177.7153
177.70280000000002
177.6902
177.67770000000002
177.69860000000003
177.7195
177.74040000000002
177.7613
177.78220000000002
177.78220000000002
177.7613
177.74040000000002
177.7195
177.69860000000003
177.67770000000002
177.71120000000002
177.74460000000002
177.77800000000002
177.81140000000002
177.84490000000002
177.8574
177.84900000000002
177.84070000000003
177.8323
177.824
177.81560000000002
177.8386
177.8616
177.8846
177.90750000000003
177.93050000000002
177.8846
177.8386
177.79260000000002
177.7467
177.7007
177.68400000000003
177.69650000000001
177.7091
177.72160000000002
177.7341
177.7467
177.7759
177.8052
177.83440000000002
177.86370000000002
177.89290000000003
177.88870000000003
177.8511
177.8135
177.7759
177.7383
177.7007
177.71740000000003
177.7341
177.75080000000003
177.7675
177.7843
177.8177
177.86780000000002
177.918
177.96810000000002
178.0183
178.06840000000003
178.03920000000002
178.00990000000002
177.9807
177.9514
177.9222
177.88870000000003
177.8511
177.8135
177.7759
177.7383
177.7007
177.7717
177.8428
177.9138
177.9848
178.0559
178.07680000000002
178.0475
178.0183
177.989
177.9598
177.93050000000002
177.96880000000002
178.0071
178.0454
178.08370000000002
178.122
178.1603
178.11440000000002
178.06840000000003
178.0224
177.97650000000002
177.93050000000002
177.9096
177.9138
177.918
177.9222
177.92630000000003
177.93050000000002
177.93050000000002
177.93050000000002
177.93050000000002
177.93050000000002
177.93050000000002
177.9472
177.9807
178.0141
178.0475
178.0809
178.11440000000002
178.0851
178.0559
178.0266
177.99740000000003
177.96810000000002
177.9514
177.9472
177.94310000000002
177.93890000000002
177.93470000000002
177.93050000000002
177.92630000000003
177.9222
177.918
177.9138
177.9096
177.91170000000002
177.92010000000002
177.9284
177.9368
177.94510000000002
177.95350000000002
177.9744
177.99530000000001
178.01620000000003
178.0371
178.05800000000002
178.07260000000002
178.0809
178.0893
178.0977
178.10600000000002
178.11440000000002
178.03920000000002
177.96390000000002
177.88870000000003
177.8135
177.7383
177.69860000000003
177.6944
177.6902
177.6861
177.6819
177.67770000000002
177.69860000000003
177.7195
177.74040000000002
177.7613
177.78220000000002
177.7843
177.7675
177.75080000000003
177.7341
177.71740000000003
177.7007
177.69650000000001
177.69230000000002
177.68820000000002
177.68400000000003
177.67980000000003
177.67980000000003
177.68400000000003
177.68820000000002
177.69230000000002
177.69650000000001
177.7007
177.72160000000002
177.7425
177.76340000000002
177.7843
177.8052
177.8135
177.8093
177.8052
177.80100000000002
177.79680000000002
177.79260000000002
177.8177
177.8428
177.86780000000002
177.89290000000003
177.918
177.9096
177.86780000000002
177.82610000000003
177.7843
177.7425
177.7007
177.7383
177.7759
177.8135
177.8511
177.88870000000003
177.89710000000002
177.8762
177.85530000000003
177.83440000000002
177.8135
177.79260000000002
177.79680000000002
177.80100000000002
177.8052
177.8093
177.8135
177.8135
177.8093
177.8052
177.80100000000002
177.79680000000002
177.79260000000002
177.80100000000002
177.8093
177.8177
177.82600000000002
177.83440000000002
177.84490000000002
177.8574
177.8699
177.88250000000002
177.895
177.90750000000003
177.8992
177.8908
177.88250000000002
177.87410000000003
177.8658
177.84900000000002
177.824
177.7989
177.77380000000002
177.7487
177.7237
177.7613
177.7989
177.8365
177.87410000000003
177.91170000000002
177.92430000000002
177.91170000000002
177.8992
177.88660000000002
177.87410000000003
177.8616
177.8699
177.87830000000002
177.88660000000002
177.895
177.9034
177.88660000000002
177.84480000000002
177.8031
177.7613
177.7195
177.67770000000002
177.6819
177.6861
177.6902
177.6944
177.69860000000003
177.70280000000002
177.70700000000002
177.71120000000002
177.7153
177.7195
177.7237
177.7279
177.73200000000003
177.73620000000003
177.74040000000002
177.74460000000002
177.75500000000002
177.7717
177.78850000000003
177.8052
177.82190000000003
177.8386
177.85530000000003
177.872
177.88870000000003
177.90550000000002
177.9222
177.9284
177.92430000000002
177.92010000000002
177.91590000000002
177.91170000000002
177.90750000000003
177.90750000000003
177.90750000000003
177.90750000000003
177.90750000000003
177.90750000000003
177.90750000000003
177.90750000000003
177.90750000000003
177.90750000000003
177.90750000000003
177.90750000000003
177.90750000000003
177.90750000000003
177.90750000000003
177.90750000000003
177.90750000000003
177.92010000000002
177.94510000000002
177.9702
177.99530000000001
178.02040000000002
178.0454
178.012
177.97860000000003
177.94510000000002
177.91170000000002
177.87830000000002
177.8616
177.8616
177.8616
177.8616
177.8616
177.8616
177.87410000000003
177.88660000000002
177.8992
177.91170000000002
177.92430000000002
177.94510000000002
177.9744
178.0036
178.0329
178.06210000000002
178.09140000000002
178.05800000000002
178.02450000000002
177.99110000000002
177.95770000000002
177.9242
177.90750000000003
177.90750000000003
177.90750000000003
177.90750000000003
177.90750000000003
177.90750000000003
177.94510000000002
177.98270000000002
178.02040000000002
178.05800000000002
178.09560000000002
178.10600000000002
178.0893
178.07260000000002
178.0559
178.03920000000002
178.0224
178.0141
178.00570000000002
177.99740000000003
177.989
177.9807
177.9744
177.9702
177.966
177.9619
177.95770000000002
177.95350000000002
177.99530000000001
178.0371
178.0789
178.12070000000003
178.16240000000002
178.1415
178.05800000000002
177.9744
177.8908
177.80730000000003
177.7237
177.74460000000002
177.7655
177.78640000000001
177.80730000000003
177.8281
177.8365
177.8323
177.8281
177.824
177.81980000000001
177.81560000000002
177.8323
177.84900000000002
177.8658
177.88250000000002
177.8992
177.86780000000002
177.78840000000002
177.709
177.6297
177.55030000000002
177.4709
177.5001
177.5294
177.5586
177.58790000000002
177.61710000000002
177.638
177.65050000000002
177.66310000000001
177.6756
177.68820000000002
177.7007
177.7383
177.7759
177.8135
177.8511
177.88870000000003
177.8804
177.82600000000002
177.7717
177.71740000000003
177.66310000000001
177.6088
177.62130000000002
177.6338
177.64640000000003
177.65890000000002
177.6714
177.69230000000002
177.72160000000002
177.75080000000003
177.7801
177.8093
177.8386
177.8135
177.78850000000003
177.76340000000002
177.7383
177.7132
177.70280000000002
177.70700000000002
177.71120000000002
177.7153
177.7195
177.7237
177.7153
177.70700000000002
177.69860000000003
177.6902
177.6819
177.69860000000003
177.74040000000002
177.78220000000002
177.824
177.8658
177.90750000000003
177.8658
177.824
177.78220000000002
177.74040000000002
177.69860000000003
177.67350000000002
177.66520000000003
177.6568
177.6485
177.64010000000002
177.63170000000002
177.66520000000003
177.69860000000003
177.73200000000003
177.7655
177.7989
177.81560000000002
177.81560000000002
177.81560000000002
177.81560000000002
177.81560000000002
177.81560000000002
177.81560000000002
177.81560000000002
177.81560000000002
177.81560000000002
177.81560000000002
177.8177
177.82190000000003
177.82610000000003
177.83020000000002
177.83440000000002
177.8386
177.8511
177.86370000000002
177.8762
177.88870000000003
177.90130000000002
177.9096
177.9138
177.918
177.9222
177.92630000000003
177.93050000000002
177.9138
177.89710000000002
177.8804
177.86370000000002
177.847
177.83440000000002
177.82600000000002
177.8177
177.8093
177.80100000000002
177.79260000000002
177.82600000000002
177.85950000000003
177.89290000000003
177.92630000000003
177.9598
177.9598
177.92630000000003
177.89290000000003
177.85950000000003
177.82600000000002
177.79260000000002
177.8386
177.8846
177.93050000000002
177.97650000000002
178.0224
178.04960000000003
178.05800000000002
178.0663
178.0747
178.08300000000003
178.09140000000002
178.09140000000002
178.09140000000002
178.09140000000002
178.09140000000002
178.09140000000002
178.0977
178.11020000000002
178.1227
178.1353
178.14780000000002
178.1603
178.14360000000002
178.1269
178.11020000000002
178.0935
178.07680000000002
178.05800000000002
178.0371
178.01620000000003
177.99530000000001
177.9744
177.95350000000002
177.95770000000002
177.9619
177.966
177.9702
177.9744
177.9744
177.9702
177.966
177.9619
177.95770000000002
177.95350000000002
177.95350000000002
177.95350000000002
177.95350000000002
177.95350000000002
177.95350000000002
177.94930000000002
177.941
177.9326
177.92430000000002
177.91590000000002
177.90750000000003
177.9326
177.95770000000002
177.98270000000002
178.0078
178.0329
178.03500000000003
178.0141
177.9932
177.97230000000002
177.9514
177.93050000000002
177.9138
177.89710000000002
177.8804
177.86370000000002
177.847
177.84070000000003
177.84490000000002
177.84900000000002
177.85320000000002
177.8574
177.8616
177.85320000000002
177.84490000000002
177.8365
177.8281
177.81980000000001
177.81560000000002
177.81560000000002
177.81560000000002
177.81560000000002
177.81560000000002
177.81560000000002
177.77800000000002
177.74040000000002
177.70280000000002
177.66520000000003
177.6276
177.5962
177.5712
177.54610000000002
177.52100000000002
177.4959
177.4709
177.47510000000003
177.47920000000002
177.48340000000002
177.48760000000001
177.4918
177.4959
177.5001
177.5043
177.50850000000003
177.51260000000002
177.51680000000002
177.55440000000002
177.592
177.6297
177.6673
177.7049
177.72580000000002
177.72990000000001
177.7341
177.7383
177.7425
177.7467
177.7467
177.7467
177.7467
177.7467
177.7467
177.7425
177.7341
177.72580000000002
177.71740000000003
177.7091
177.7007
177.68820000000002
177.6756
177.66310000000001
177.65050000000002
177.638
177.6526
177.6944
177.73620000000003
177.77800000000002
177.81980000000001
177.8616
177.8616
177.8616
177.8616
177.8616
177.8616
177.86780000000002
177.8804
177.89290000000003
177.90550000000002
177.918
177.93050000000002
177.90550000000002
177.8804
177.85530000000003
177.83020000000002
177.8052
177.78220000000002
177.7613
177.74040000000002
177.7195
177.69860000000003
177.67770000000002
177.6819
177.6861
177.6902
177.6944
177.69860000000003
177.69860000000003
177.6944
177.6902
177.6861
177.6819
177.67770000000002
177.6902
177.70280000000002
177.7153
177.7279
177.74040000000002
177.75080000000003
177.75920000000002
177.7675
177.7759
177.7843
177.79260000000002
177.79680000000002
177.80100000000002
177.8052
177.8093
177.8135
177.81560000000002
177.81560000000002
177.81560000000002
177.81560000000002
177.81560000000002
177.81560000000002
177.7947
177.77380000000002
177.7529
177.73200000000003
177.71120000000002
177.7091
177.72580000000002
177.7425
177.75920000000002
177.7759
177.79260000000002
177.7759
177.75920000000002
177.7425
177.72580000000002
177.7091
177.71120000000002
177.73200000000003
177.7529
177.77380000000002
177.7947
177.81560000000002
177.8699
177.92430000000002
177.97860000000003
178.0329
178.08720000000002
178.0977
178.06420000000003
178.03080000000003
177.99740000000003
177.96400000000003
177.93050000000002
177.96400000000003
177.99740000000003
178.03080000000003
178.06420000000003
178.0977
178.1123
178.1081
178.1039
178.09980000000002
178.09560000000002
178.09140000000002
178.0663
178.0413
178.01620000000003
177.99110000000002
177.966
177.94510000000002
177.9284
177.91170000000002
177.895
177.87830000000002
177.8616
177.8699
177.87830000000002
177.88660000000002
177.895
177.9034
177.9034
177.895
177.88660000000002
177.87830000000002
177.8699
177.8616
177.8699
177.87830000000002
177.88660000000002
177.895
177.9034
177.90750000000003
177.90750000000003
177.90750000000003
177.90750000000003
177.90750000000003
177.90750000000003
177.94510000000002
177.98270000000002
178.02040000000002
178.05800000000002
178.09560000000002
178.10600000000002
178.0893
178.07260000000002
178.0559
178.03920000000002
178.0224
177.96390000000002
177.90540000000001
177.847
177.78850000000003
177.72990000000001
177.72160000000002
177.76340000000002
177.8052
177.847
177.88870000000003
177.93050000000002
177.92630000000003
177.9222
177.918
177.9138
177.9096
177.88660000000002
177.84480000000002
177.8031
177.7613
177.7195
177.67770000000002
177.67770000000002
177.67770000000002
177.67770000000002
177.67770000000002
177.67770000000002
177.6944
177.7279
177.7613
177.7947
177.8281
177.8616
177.8323
177.8031
177.77380000000002
177.74460000000002
177.7153
177.7195
177.7571
177.7947
177.8323
177.8699
177.90750000000003
177.91170000000002
177.91590000000002
177.92010000000002
177.92430000000002
177.9284
177.92430000000002
177.91170000000002
177.8992
177.88660000000002
177.87410000000003
177.8616
177.8699
177.87830000000002
177.88660000000002
177.895
177.9034
177.8908
177.8574
177.824
177.7905
177.7571
177.7237
177.73620000000003
177.7487
177.7613
177.77380000000002
177.7863
177.78220000000002
177.7613
177.74040000000002
177.7195
177.69860000000003
177.67770000000002
177.67770000000002
177.67770000000002
177.67770000000002
177.67770000000002
177.67770000000002
177.6944
177.7279
177.7613
177.7947
177.8281
177.8616
177.85320000000002
177.84490000000002
177.8365
177.8281
177.81980000000001
177.824
177.84070000000003
177.8574
177.87410000000003
177.8908
177.90750000000003
177.8699
177.8323
177.7947
177.7571
177.7195
177.7007
177.7007
177.7007
177.7007
177.7007
177.7007
177.7091
177.71740000000003
177.72580000000002
177.7341
177.7425
177.7425
177.7341
177.72580000000002
177.71740000000003
177.7091
177.7007
177.7425
177.7843
177.82610000000003
177.86780000000002
177.9096
177.92010000000002
177.8992
177.87830000000002
177.8574
177.8365
177.81560000000002
177.7947
177.77380000000002
177.7529
177.73200000000003
177.71120000000002
177.7195
177.7571
177.7947
177.8323
177.8699
177.90750000000003
177.90750000000003
177.90750000000003
177.90750000000003
177.90750000000003
177.90750000000003
177.9096
177.9138
177.918
177.9222
177.92630000000003
177.93050000000002
177.97230000000002
178.0141
178.0559
178.0977
178.13950000000003
178.13320000000002
178.0789
178.02450000000002
177.9702
177.91590000000002
177.8616
177.87410000000003
177.88660000000002
177.8992
177.91170000000002
177.92430000000002
177.9514
177.9932
178.03500000000003
178.07680000000002
178.11860000000001
178.1603
178.1603
178.1603
178.1603
178.1603
178.1603
178.1562
178.14780000000002
178.13950000000003
178.1311
178.1227
178.11440000000002
178.0851
178.0559
178.0266
177.99740000000003
177.96810000000002
177.95350000000002
177.95350000000002
177.95350000000002
177.95350000000002
177.95350000000002
177.95350000000002
177.94930000000002
177.94510000000002
177.941
177.9368
177.9326
177.93050000000002
177.93050000000002
177.93050000000002
177.93050000000002
177.93050000000002
177.93050000000002
177.92630000000003
177.9222
177.918
177.9138
177.9096
177.90750000000003
177.90750000000003
177.90750000000003
177.90750000000003
177.90750000000003
177.90750000000003
177.8658
177.824
177.78220000000002
177.74040000000002
177.69860000000003
177.67980000000003
177.68400000000003
177.68820000000002
177.69230000000002
177.69650000000001
177.7007
177.74210000000002
177.78340000000003
177.8248
177.86620000000002
177.90750000000003
177.87410000000003
177.84070000000003
177.80730000000003
177.77380000000002
177.74040000000002
177.7425
177.7801
177.8177
177.85530000000003
177.89290000000003
177.93050000000002
177.9138
177.89710000000002
177.8804
177.86370000000002
177.847
177.8177
177.7759
177.7341
177.69230000000002
177.65060000000003
177.6088
177.62550000000002
177.6422
177.65890000000002
177.6756
177.69230000000002
177.709
177.72580000000002
177.7425
177.75920000000002
177.7759
177.79260000000002
177.8177
177.8428
177.86780000000002
177.89290000000003
177.918
177.9284
177.92430000000002
177.92010000000002
177.91590000000002
177.91170000000002
177.90750000000003
177.91170000000002
177.91590000000002
177.92010000000002
177.92430000000002
177.9284
177.93050000000002
177.93050000000002
177.93050000000002
177.93050000000002
177.93050000000002
177.93050000000002
177.92430000000002
177.91170000000002
177.8992
177.88660000000002
177.87410000000003
177.8616
177.84070000000003
177.81980000000001
177.7989
177.77800000000002
177.7571
177.74460000000002
177.74040000000002
177.73620000000003
177.73200000000003
177.7279
177.7237
177.7153
177.70700000000002
177.69860000000003
177.6902
177.6819
177.69230000000002
177.72160000000002
177.75080000000003
177.7801
177.8093
177.8386
177.83020000000002
177.82190000000003
177.8135
177.8052
177.79680000000002
177.7989
177.81140000000002
177.824
177.8365
177.84900000000002
177.8616
177.87410000000003
177.88660000000002
177.8992
177.91170000000002
177.92430000000002
177.93050000000002
177.93050000000002
177.93050000000002
177.93050000000002
177.93050000000002
177.93050000000002
177.93050000000002
177.93050000000002
177.93050000000002
177.93050000000002
177.93050000000002
177.9284
177.92430000000002
177.92010000000002
177.91590000000002
177.91170000000002
177.90750000000003
177.8908
177.87410000000003
177.8574
177.84070000000003
177.824
177.8386
177.8846
177.93050000000002
177.97650000000002
178.0225
178.06840000000003
178.06840000000003
178.06840000000003
178.06840000000003
178.06840000000003
178.06840000000003
178.05380000000002
178.02450000000002
177.99530000000001
177.966
177.9368
177.90750000000003
177.9368
177.966
177.99530000000001
178.02450000000002
178.05380000000002
178.06420000000003
178.0559
178.0475
178.03920000000002
178.03080000000003
178.0224
177.9932
177.96390000000002
177.93470000000002
177.90540000000001
177.8762
177.88250000000002
177.92430000000002
177.966
178.0078
178.04960000000003
178.09140000000002
178.0789
178.0663
178.05380000000002
178.0412
178.02870000000001
178.02870000000001
178.0412
178.05380000000002
178.0663
178.0789
178.09140000000002
178.0705
178.04960000000003
178.02870000000001
178.0078
177.98690000000002
177.989
178.0141
178.03920000000002
178.06420000000003
178.0893
178.11440000000002
178.11440000000002
178.11440000000002
178.11440000000002
178.11440000000002
178.11440000000002
178.09980000000002
178.0705
178.0413
178.012
177.98280000000003
177.95350000000002
177.9702
177.98690000000002
178.0036
178.02040000000002
178.0371
178.0517
178.06420000000003
178.07680000000002
178.0893
178.10180000000003
178.11440000000002
178.04340000000002
177.97230000000002
177.90130000000002
177.83020000000002
177.75920000000002
177.72580000000002
177.72990000000001
177.7341
177.7383
177.7425
177.7467
177.7759
177.8052
177.83440000000002
177.86370000000002
177.89290000000003
177.90750000000003
177.90750000000003
177.90750000000003
177.90750000000003
177.90750000000003
177.90750000000003
177.87410000000003
177.84070000000003
177.80730000000003
177.77380000000002
177.74040000000002
177.7341
177.75500000000002
177.7759
177.79680000000002
177.8177
177.8386
177.80100000000002
177.76340000000002
177.72580000000002
177.68820000000002
177.65050000000002
177.6422
177.66310000000001
177.68400000000003
177.7049
177.72580000000002
177.7467
177.7467
177.7467
177.7467
177.7467
177.7467
177.76340000000002
177.79680000000002
177.83020000000002
177.86370000000002
177.89710000000002
177.93050000000002
177.88870000000003
177.847
177.8052
177.76340000000002
177.72160000000002
177.7091
177.72580000000002
177.7425
177.75920000000002
177.7759
177.79260000000002
177.76340000000002
177.7341
177.7049
177.6756
177.64640000000003
177.661
177.7195
177.77800000000002
177.8365
177.895
177.95350000000002
177.94510000000002
177.9368
177.9284
177.92010000000002
177.91170000000002
177.88870000000003
177.8511
177.8135
177.7759
177.7383
177.7007
177.7007
177.7007
177.7007
177.7007
177.7007
177.69860000000003
177.6944
177.6902
177.6861
177.6819
177.67770000000002
177.6861
177.6944
177.70280000000002
177.71120000000002
177.7195
177.73200000000003
177.7487
177.7655
177.78220000000002
177.7989
177.81560000000002
177.8365
177.8574
177.87830000000002
177.8992
177.92010000000002
177.90750000000003
177.8616
177.81560000000002
177.76970000000003
177.7237
177.67770000000002
177.67770000000002
177.67770000000002
177.67770000000002
177.67770000000002
177.67770000000002
177.67770000000002
177.67770000000002
177.67770000000002
177.67770000000002
177.67770000000002
177.67770000000002
177.6861
177.6944
177.70280000000002
177.71120000000002
177.7195
177.72580000000002
177.72990000000001
177.7341
177.7383
177.7425
177.7467
177.75920000000002
177.7717
177.7843
177.79680000000002
177.8093
177.8177
177.82190000000003
177.82610000000003
177.83020000000002
177.83440000000002
177.8386
177.8511
177.86370000000002
177.8762
177.88870000000003
177.90130000000002
177.89710000000002
177.8762
177.85530000000003
177.83440000000002
177.8135
177.79260000000002
177.8177
177.8428
177.86780000000002
177.89290000000003
177.918
177.93470000000002
177.94310000000002
177.9514
177.9598
177.96810000000002
177.97650000000002
177.96810000000002
177.9598
177.9514
177.94310000000002
177.93470000000002
177.941
177.9619
177.98280000000003
178.0036
178.02450000000002
178.0454
178.05800000000002
178.0705
178.08300000000003
178.09560000000002
178.1081
178.11440000000002
178.11440000000002
178.11440000000002
178.11440000000002
178.11440000000002
178.11440000000002
178.10600000000002
178.0977
178.0893
178.0809
178.07260000000002
178.07260000000002
178.0809
178.0893
178.0977
178.10600000000002
178.11440000000002
178.11440000000002
178.11440000000002
178.11440000000002
178.11440000000002
178.11440000000002
178.09140000000002
178.0454
177.9995
177.95350000000002
177.90750000000003
177.8616
177.90750000000003
177.95350000000002
177.9995
178.0454
178.09140000000002
178.0893
178.03920000000002
177.989
177.93890000000002
177.88870000000003
177.8386
177.8135
177.78850000000003
177.76340000000002
177.7383
177.7132
177.69860000000003
177.6944
177.6902
177.6861
177.6819
177.67770000000002
177.67770000000002
177.67770000000002
177.67770000000002
177.67770000000002
177.67770000000002
177.6673
177.64640000000003
177.62550000000002
177.6046
177.58370000000002
177.5628
177.58370000000002
177.6046
177.62550000000002
177.64640000000003
177.6673
177.66940000000002
177.6526
177.63590000000002
177.6192
177.60250000000002
177.5858
177.615
177.64430000000002
177.67350000000002
177.70280000000002
177.73200000000003
177.74460000000002
177.74040000000002
177.73620000000003
177.73200000000003
177.7279
177.7237
177.7153
177.70700000000002
177.69860000000003
177.6902
177.6819
177.68400000000003
177.69650000000001
177.7091
177.72160000000002
177.7341
177.7467
177.7467
177.7467
177.7467
177.7467
177.7467
177.7571
177.77800000000002
177.7989
177.81980000000001
177.84070000000003
177.8616
177.8574
177.85320000000002
177.84900000000002
177.84490000000002
177.84070000000003
177.84490000000002
177.8574
177.8699
177.88250000000002
177.895
177.90750000000003
177.8699
177.8323
177.7947
177.7571
177.7195
177.7049
177.7132
177.72160000000002
177.72990000000001
177.7383
177.7467
177.76340000000002
177.7801
177.79680000000002
177.8135
177.83020000000002
177.82600000000002
177.80100000000002
177.7759
177.75080000000003
177.72580000000002
177.7007
177.69650000000001
177.69230000000002
177.68820000000002
177.68400000000003
177.67980000000003
177.69230000000002
177.72160000000002
177.75080000000003
177.7801
177.8093
177.8386
177.8511
177.86370000000002
177.8762
177.88870000000003
177.90130000000002
177.88870000000003
177.8511
177.8135
177.7759
177.7383
177.7007
177.7007
177.7007
177.7007
177.7007
177.7007
177.69860000000003
177.6944
177.6902
177.6861
177.6819
177.67770000000002
177.74460000000002
177.81140000000002
177.87830000000002
177.94510000000002
178.012
178.04960000000003
178.05800000000002
178.0663
178.0747
178.08300000000003
178.09140000000002
178.0789
178.0663
178.05380000000002
178.0412
178.02870000000001
178.02870000000001
178.0412
178.05380000000002
178.0663
178.0789
178.09140000000002
178.0371
177.98280000000003
177.9284
177.87410000000003
177.81980000000001
177.8031
177.824
177.84480000000002
177.8657
177.88660000000002
177.90750000000003
177.92010000000002
177.9326
177.94510000000002
177.95770000000002
177.9702
177.9744
177.9702
177.966
177.9619
177.95770000000002
177.95350000000002
177.966
177.97860000000003
177.99110000000002
178.0036
178.01620000000003
178.03080000000003
178.0475
178.06420000000003
178.0809
178.0977
178.11440000000002
178.11440000000002
178.11440000000002
178.11440000000002
178.11440000000002
178.11440000000002
178.09980000000002
178.0705
178.0413
178.012
177.98280000000003
177.95350000000002
177.94930000000002
177.94510000000002
177.941
177.9368
177.9326
177.9284
177.92430000000002
177.92010000000002
177.91590000000002
177.91170000000002
177.90750000000003
177.90750000000003
177.90750000000003
177.90750000000003
177.90750000000003
177.90750000000003
177.88660000000002
177.84480000000002
177.8031
177.7613
177.7195
177.67770000000002
177.67770000000002
177.67770000000002
177.67770000000002
177.67770000000002
177.67770000000002
177.68820000000002
177.7091
177.72990000000001
177.75080000000003
177.7717
177.79260000000002
177.76340000000002
177.7341
177.7049
177.6756
177.64640000000003
177.63590000000002
177.64430000000002
177.6526
177.661
177.66940000000002
177.67770000000002
177.7237
177.76970000000003
177.81560000000002
177.8616
177.90750000000003
177.91170000000002
177.87410000000003
177.8365
177.7989
177.7613
177.7237
177.7195
177.7153
177.71120000000002
177.70700000000002
177.70280000000002
177.7195
177.7571
177.7947
177.8323
177.8699
177.90750000000003
177.90750000000003
177.90750000000003
177.90750000000003
177.90750000000003
177.90750000000003
177.89290000000003
177.86370000000002
177.83440000000002
177.8052
177.7759
177.7467
177.7341
177.72160000000002
177.7091
177.69650000000001
177.68400000000003
177.6944
177.7279
177.7613
177.7947
177.8281
177.8616
177.8323
177.8031
177.77380000000002
177.74460000000002
177.7153
177.7007
177.7007
177.7007
177.7007
177.7007
177.7007
177.7007
177.7007
177.7007
177.7007
177.7007
177.72160000000002
177.76340000000002
177.8052
177.847
177.88870000000003
177.93050000000002
177.90550000000002
177.8804
177.85530000000003
177.83020000000002
177.8052
177.78840000000002
177.7801
177.7717
177.76340000000002
177.75500000000002
177.7467
177.7759
177.8052
177.83440000000002
177.86370000000002
177.89290000000003
177.88870000000003
177.8511
177.8135
177.7759
177.7383
177.7007
177.72160000000002
177.7425
177.76340000000002
177.7843
177.8052
177.8282
177.85320000000002
177.87830000000002
177.9034
177.9284
177.95350000000002
177.98280000000003
178.012
178.0413
178.0705
178.09980000000002
178.0851
178.0266
177.96810000000002
177.9096
177.8511
177.79260000000002
177.8511
177.9096
177.96810000000002
178.0266
178.0851
178.09560000000002
178.05800000000002
178.02040000000002
177.98270000000002
177.94510000000002
177.90750000000003
177.91170000000002
177.91590000000002
177.92010000000002
177.92430000000002
177.9284
177.93470000000002
177.94310000000002
177.9514
177.9598
177.96810000000002
177.97650000000002
177.96810000000002
177.9598
177.9514
177.94310000000002
177.93470000000002
177.93050000000002
177.93050000000002
177.93050000000002
177.93050000000002
177.93050000000002
177.93050000000002
177.92630000000003
177.9222
177.918
177.9138
177.9096
177.91170000000002
177.92010000000002
177.9284
177.9368
177.94510000000002
177.95350000000002
177.94930000000002
177.94510000000002
177.941
177.9368
177.9326
177.9514
177.9932
178.03500000000003
178.07680000000002
178.11860000000001
178.1603
178.1227
178.0851
178.0475
178.00990000000002
177.97230000000002
177.95350000000002
177.95350000000002
177.95350000000002
177.95350000000002
177.95350000000002
177.95350000000002
177.9702
177.98690000000002
178.0036
178.02040000000002
178.0371
178.0224
177.97650000000002
177.93050000000002
177.8846
177.8386
177.79260000000002
177.7801
177.7675
177.75500000000002
177.7425
177.72990000000001
177.7341
177.75500000000002
177.7759
177.79680000000002
177.8177
177.8386
177.8511
177.86370000000002
177.8762
177.88870000000003
177.90130000000002
177.90130000000002
177.88870000000003
177.8762
177.86370000000002
177.8511
177.8386
177.8135
177.78850000000003
177.76340000000002
177.7383
177.7132
177.7091
177.72580000000002
177.7425
177.75920000000002
177.7759
177.79260000000002
177.8135
177.83440000000002
177.85530000000003
177.8762
177.89710000000002
177.90750000000003
177.90750000000003
177.90750000000003
177.90750000000003
177.90750000000003
177.90750000000003
177.8658
177.824
177.78220000000002
177.74040000000002
177.69860000000003
177.67980000000003
177.68400000000003
177.68820000000002
177.69230000000002
177.69650000000001
177.7007
177.69650000000001
177.69230000000002
177.68820000000002
177.68400000000003
177.67980000000003
177.6819
177.6902
177.69860000000003
177.70700000000002
177.7153
177.7237
177.7571
177.7905
177.824
177.8574
177.8908
177.90750000000003
177.90750000000003
177.90750000000003
177.90750000000003
177.90750000000003
177.90750000000003
177.8658
177.824
177.78220000000002
177.74040000000002
177.69860000000003
177.67770000000002
177.67770000000002
177.67770000000002
177.67770000000002
177.67770000000002
177.67770000000002
177.67770000000002
177.67770000000002
177.67770000000002
177.67770000000002
177.67770000000002
177.69230000000002
177.72160000000002
177.75080000000003
177.7801
177.8093
177.8386
177.8428
177.847
177.8511
177.85530000000003
177.85950000000003
177.8511
177.83020000000002
177.8093
177.78850000000003
177.7675
177.7467
177.75500000000002
177.76340000000002
177.7717
177.7801
177.78840000000002
177.79260000000002
177.79260000000002
177.79260000000002
177.79260000000002
177.79260000000002
177.79260000000002
177.8177
177.8428
177.86780000000002
177.89290000000003
177.918
177.9222
177.90550000000002
177.88870000000003
177.872
177.85530000000003
177.8386
177.8428
177.847
177.8511
177.85530000000003
177.85950000000003
177.8616
177.8616
177.8616
177.8616
177.8616
177.8616
177.90750000000003
177.95350000000002
177.9995
178.0454
178.09140000000002
178.11020000000002
178.1019
178.0935
178.0851
178.07680000000002
178.06840000000003
178.04340000000002
178.0183
177.9932
177.96810000000002
177.94310000000002
177.9326
177.9368
177.941
177.94510000000002
177.94930000000002
177.95350000000002
177.9719
177.99030000000002
178.0087
178.02700000000002
178.0454
178.05380000000002
178.06210000000002
178.0705
178.0789
178.08720000000002
178.0893
178.0851
178.0809
178.07680000000002
178.07260000000002
178.06840000000003
178.03920000000002
178.00990000000002
177.9807
177.9514
177.9222
177.92630000000003
177.96390000000002
178.00160000000002
178.03920000000002
178.07680000000002
178.11440000000002
178.0799
178.0454
178.01100000000002
177.97650000000002
177.942
177.90750000000003
177.90750000000003
177.90750000000003
177.90750000000003
177.90750000000003
177.90750000000003
177.9138
177.92630000000003
177.93890000000002
177.9514
177.96390000000002
177.97650000000002
177.97230000000002
177.96810000000002
177.96400000000003
177.9598
177.9556
177.95350000000002
177.95350000000002
177.95350000000002
177.95350000000002
177.95350000000002
177.95350000000002
177.98280000000003
178.012
178.0413
178.0705
178.09980000000002
178.0977
178.06420000000003
178.03080000000003
177.99740000000003
177.96400000000003
177.93050000000002
177.90550000000002
177.8804
177.85530000000003
177.83020000000002
177.8052
177.79680000000002
177.8052
177.8135
177.82190000000003
177.83020000000002
177.8386
177.8386
177.8386
177.8386
177.8386
177.8386
177.83020000000002
177.8135
177.79680000000002
177.7801
177.76340000000002
177.7467
177.7383
177.72990000000001
177.72160000000002
177.7132
177.7049
177.7195
177.7571
177.7947
177.8323
177.8699
177.90750000000003
177.87410000000003
177.84070000000003
177.80730000000003
177.77380000000002
177.74040000000002
177.7195
177.71120000000002
177.70280000000002
177.6944
177.6861
177.67770000000002
177.70280000000002
177.7279
177.7529
177.77800000000002
177.8031
177.82610000000003
177.847
177.86780000000002
177.88870000000003
177.9096
177.93050000000002
177.89290000000003
177.85530000000003
177.8177
177.7801
177.7425
177.73200000000003
177.7487
177.7655
177.78220000000002
177.7989
177.81560000000002
177.7947
177.77380000000002
177.7529
177.73200000000003
177.71120000000002
177.71120000000002
177.73200000000003
177.7529
177.77380000000002
177.7947
177.81560000000002
177.81560000000002
177.81560000000002
177.81560000000002
177.81560000000002
177.81560000000002
177.82610000000003
177.847
177.86780000000002
177.88870000000003
177.9096
177.93050000000002
177.918
177.90550000000002
177.89290000000003
177.8804
177.86780000000002
177.86780000000002
177.8804
177.89290000000003
177.90550000000002
177.918
177.93050000000002
177.9096
177.88870000000003
177.86780000000002
177.847
177.82610000000003
177.8052
177.7843
177.76340000000002
177.7425
177.72160000000002
177.7007
177.7007
177.7007
177.7007
177.7007
177.7007
177.7153
177.74460000000002
177.77380000000002
177.8031
177.8323
177.8616
177.84900000000002
177.8365
177.824
177.81140000000002
177.7989
177.7989
177.81140000000002
177.824
177.8365
177.84900000000002
177.8616
177.895
177.9284
177.9619
177.99530000000001
178.02870000000001
178.0329
178.0078
177.98270000000002
177.95770000000002
177.9326
177.90750000000003
177.9284
177.94930000000002
177.9702
177.99110000000002
178.012
178.02870000000001
178.0412
178.05380000000002
178.0663
178.0789
178.09140000000002
178.05800000000002
178.02450000000002
177.99110000000002
177.95770000000002
177.9242
177.9096
177.9138
177.918
177.9222
177.92630000000003
177.93050000000002
177.9472
177.96400000000003
177.9807
177.99740000000003
178.0141
178.02870000000001
178.0412
178.05380000000002
178.0663
178.0789
178.09140000000002
178.1039
178.1165
178.12900000000002
178.1415
178.15410000000003
178.15410000000003
178.1415
178.12900000000002
178.1165
178.1039
178.09140000000002
178.09560000000002
178.09980000000002
178.1039
178.1081
178.1123
178.09560000000002
178.05800000000002
178.02040000000002
177.98280000000003
177.94510000000002
177.90750000000003
177.8699
177.8323
177.7947
177.7571
177.7195
177.72160000000002
177.76340000000002
177.8052
177.847
177.88870000000003
177.93050000000002
177.92630000000003
177.9222
177.918
177.9138
177.9096
177.9034
177.895
177.88660000000002
177.87830000000002
177.8699
177.8616
177.8699
177.87830000000002
177.88660000000002
177.895
177.9034
177.9096
177.9138
177.918
177.9222
177.92630000000003
177.93050000000002
177.918
177.90550000000002
177.89290000000003
177.8804
177.86780000000002
177.85950000000003
177.85530000000003
177.8511
177.847
177.8428
177.8386
177.82190000000003
177.8052
177.78850000000003
177.7717
177.75500000000002
177.7613
177.7905
177.81980000000001
177.84900000000002
177.87830000000002
177.90750000000003
177.8699
177.8323
177.7947
177.7571
177.7195
177.71120000000002
177.73200000000003
177.7529
177.77380000000002
177.7947
177.81560000000002
177.78220000000002
177.7487
177.7153
177.6819
177.6485
177.64010000000002
177.6568
177.67350000000002
177.6902
177.70700000000002
177.7237
177.74040000000002
177.7571
177.77380000000002
177.7905
177.80730000000003
177.824
177.84070000000003
177.8574
177.87410000000003
177.8908
177.90750000000003
177.90750000000003
177.90750000000003
177.90750000000003
177.90750000000003
177.90750000000003
177.9096
177.9138
177.918
177.9222
177.92630000000003
177.93050000000002
177.92630000000003
177.9222
177.918
177.9138
177.9096
177.88870000000003
177.8511
177.8135
177.7759
177.7383
177.7007
177.72580000000002
177.75080000000003
177.7759
177.80100000000002
177.82600000000002
177.82600000000002
177.80100000000002
177.7759
177.75080000000003
177.72580000000002
177.7007
177.7007
177.7007
177.7007
177.7007
177.7007
177.7132
177.7383
177.76340000000002
177.78850000000003
177.8135
177.8386
177.8093
177.7801
177.75080000000003
177.72160000000002
177.69230000000002
177.68820000000002
177.7091
177.72990000000001
177.75080000000003
177.7717
177.79260000000002
177.8428
177.89290000000003
177.94310000000002
177.9932
178.04340000000002
178.05800000000002
178.0371
178.01620000000003
177.99530000000001
177.9744
177.95350000000002
177.94510000000002
177.9368
177.9284
177.92010000000002
177.91170000000002
177.91170000000002
177.92010000000002
177.9284
177.9368
177.94510000000002
177.95350000000002
177.98280000000003
178.012
178.0413
178.0705
178.09980000000002
178.1123
178.1081
178.1039
178.09980000000002
178.09560000000002
178.09140000000002
178.09560000000002
178.09980000000002
178.1039
178.1081
178.1123
178.09980000000002
178.0705
178.0413
178.012
177.98280000000003
177.95350000000002
177.94930000000002
177.94510000000002
177.941
177.9368
177.9326
177.94310000000002
177.96810000000002
177.9932
178.0183
178.04340000000002
178.06840000000003
178.06840000000003
178.06840000000003
178.06840000000003
178.06840000000003
178.06840000000003
178.0559
178.03080000000003
178.00570000000002
177.9807
177.9556
177.93050000000002
177.93050000000002
177.93050000000002
177.93050000000002
177.93050000000002
177.93050000000002
177.9472
177.9807
178.0141
178.0475
178.0809
178.11440000000002
178.07680000000002
178.03920000000002
178.00160000000002
177.96390000000002
177.92630000000003
177.90750000000003
177.90750000000003
177.90750000000003
177.90750000000003
177.90750000000003
177.90750000000003
177.8908
177.87410000000003
177.8574
177.84070000000003
177.824
177.80180000000001
177.7742
177.7467
177.71910000000003
177.69150000000002
177.67980000000003
177.68400000000003
177.68820000000002
177.69230000000002
177.69650000000001
177.7007
177.7383
177.7759
177.8135
177.8511
177.88870000000003
177.90750000000003
177.90750000000003
177.90750000000003
177.90750000000003
177.90750000000003
177.90750000000003
177.90050000000002
177.8934
177.8863
177.87920000000003
177.87220000000002
177.8651
177.86620000000002
177.8754
177.8846
177.89370000000002
177.90290000000002
177.89710000000002
177.8762
177.85530000000003
177.83440000000002
177.8135
177.79260000000002
177.80640000000002
177.82020000000003
177.834
177.8478
177.8616
177.8616
177.8616
177.8616
177.8616
177.8616
177.8511
177.83020000000002
177.8093
177.78850000000003
177.7675
177.7467
177.7675
177.78850000000003
177.8093
177.83020000000002
177.8511
177.847
177.8177
177.78850000000003
177.75920000000002
177.72990000000001
177.7007
177.69650000000001
177.69230000000002
177.68820000000002
177.68400000000003
177.67980000000003
177.68820000000002
177.7091
177.72990000000001
177.75080000000003
177.7717
177.79260000000002
177.7843
177.7759
177.7675
177.75920000000002
177.75080000000003
177.7467
177.7467
177.7467
177.7467
177.7467
177.7467
177.73520000000002
177.7237
177.71220000000002
177.7007
177.68920000000003
177.67770000000002
177.7237
177.76960000000003
177.81560000000002
177.8616
177.90750000000003
177.90750000000003
177.90750000000003
177.90750000000003
177.90750000000003
177.90750000000003
177.90130000000002
177.88870000000003
177.8762
177.86370000000002
177.8511
177.8386
177.85530000000003
177.872
177.88870000000003
177.90550000000002
177.9222
177.9096
177.86780000000002
177.82610000000003
177.7843
177.7425
177.7007
177.69650000000001
177.69230000000002
177.68820000000002
177.68400000000003
177.67980000000003
177.68820000000002
177.7091
177.72990000000001
177.75080000000003
177.7717
177.79260000000002
177.79260000000002
177.79260000000002
177.79260000000002
177.79260000000002
177.79260000000002
177.8093
177.8428
177.8762
177.9096
177.94310000000002
177.97650000000002
177.97650000000002
177.97650000000002
177.97650000000002
177.97650000000002
177.97650000000002
177.9744
177.9702
177.966
177.9619
177.95770000000002
177.95350000000002
177.94510000000002
177.9368
177.9284
177.92010000000002
177.91170000000002
177.9242
177.95770000000002
177.99110000000002
178.02450000000002
178.05800000000002
178.09140000000002
178.09560000000002
178.09980000000002
178.1039
178.1081
178.1123
178.11020000000002
178.1019
178.0935
178.0851
178.07680000000002
178.06840000000003
178.07680000000002
178.0851
178.0935
178.1019
178.11020000000002
178.11440000000002
178.11440000000002
178.11440000000002
178.11440000000002
178.11440000000002
178.11440000000002
178.10600000000002
178.0977
178.0893
178.0809
178.07260000000002
178.0705
178.0747
178.0789
178.08300000000003
178.08720000000002
178.09140000000002
178.08720000000002
178.08300000000003
178.0789
178.0747
178.0705
178.07260000000002
178.0809
178.0893
178.0977
178.10600000000002
178.11440000000002
178.0809
178.0475
178.0141
177.9807
177.9472
177.94310000000002
177.96810000000002
177.9932
178.0183
178.04340000000002
178.06840000000003
178.03080000000003
177.9932
177.9556
177.918
177.8804
177.84490000000002
177.81140000000002
177.77800000000002
177.74460000000002
177.71120000000002
177.67770000000002
177.6819
177.6861
177.6902
177.6944
177.69860000000003
177.7007
177.7007
177.7007
177.7007
177.7007
177.7007
177.72580000000002
177.75080000000003
177.7759
177.80100000000002
177.82600000000002
177.80730000000003
177.74460000000002
177.6819
177.6192
177.55650000000003
177.49390000000002
177.5106
177.52730000000003
177.544
177.56070000000003
177.5774
177.6046
177.6422
177.67980000000003
177.71740000000003
177.75500000000002
177.79260000000002
177.8135
177.83440000000002
177.85530000000003
177.8762
177.89710000000002
177.9096
177.9138
177.918
177.9222
177.92630000000003
177.93050000000002
177.918
177.90550000000002
177.89290000000003
177.8804
177.86780000000002
177.847
177.8177
177.78850000000003
177.75920000000002
177.72990000000001
177.7007
177.71740000000003
177.7341
177.75080000000003
177.7675
177.7843
177.7989
177.81140000000002
177.824
177.8365
177.84900000000002
177.8616
177.8323
177.8031
177.77380000000002
177.74460000000002
177.7153
177.69860000000003
177.6944
177.6902
177.6861
177.6819
177.67770000000002
177.6819
177.6861
177.6902
177.6944
177.69860000000003
177.7091
177.72580000000002
177.7425
177.75920000000002
177.7759
177.79260000000002
177.8135
177.83440000000002
177.85530000000003
177.8762
177.89710000000002
177.8908
177.8574
177.824
177.7905
177.7571
177.7237
177.73620000000003
177.7487
177.7613
177.77380000000002
177.7863
177.8031
177.824
177.84480000000002
177.8657
177.88660000000002
177.90750000000003
177.8908
177.87410000000003
177.8574
177.84070000000003
177.824
177.8177
177.82190000000003
177.82610000000003
177.83020000000002
177.83440000000002
177.8386
177.8428
177.847
177.8511
177.85530000000003
177.85950000000003
177.84490000000002
177.81140000000002
177.77800000000002
177.74460000000002
177.71120000000002
177.67770000000002
177.74460000000002
177.81140000000002
177.87830000000002
177.94510000000002
178.012
178.012
177.94510000000002
177.87830000000002
177.81140000000002
177.74460000000002
177.67770000000002
177.7237
177.76970000000003
177.81560000000002
177.8616
177.90750000000003
177.9284
177.92430000000002
177.92010000000002
177.91590000000002
177.91170000000002
177.90750000000003
177.91590000000002
177.92430000000002
177.9326
177.941
177.94930000000002
177.96400000000003
177.9848
178.00570000000002
178.0266
178.0475
178.06840000000003
178.07680000000002
178.0851
178.0935
178.1019
178.11020000000002
178.09980000000002
178.0705
178.0413
178.012
177.98280000000003
177.95350000000002
177.966
177.97860000000003
177.99110000000002
178.0036
178.01620000000003
178.0183
178.00990000000002
178.00160000000002
177.9932
177.9848
177.97650000000002
177.96810000000002
177.9598
177.9514
177.94310000000002
177.93470000000002
177.9284
177.92430000000002
177.92010000000002
177.91590000000002
177.91170000000002
177.90750000000003
177.8908
177.87410000000003
177.8574
177.84070000000003
177.824
177.82610000000003
177.847
177.86780000000002
177.88870000000003
177.9096
177.93050000000002
177.93050000000002
177.93050000000002
177.93050000000002
177.93050000000002
177.93050000000002
177.92010000000002
177.8992
177.87830000000002
177.8574
177.8365
177.81560000000002
177.81140000000002
177.80730000000003
177.8031
177.7989
177.7947
177.7843
177.7675
177.75080000000003
177.7341
177.71740000000003
177.7007
177.7007
177.7007
177.7007
177.7007
177.7007
177.69860000000003
177.6944
177.6902
177.6861
177.6819
177.67770000000002
177.70700000000002
177.73620000000003
177.7655
177.7947
177.824
177.8386
177.8386
177.8386
177.8386
177.8386
177.8386
177.8135
177.78850000000003
177.76340000000002
177.7383
177.7132
177.71120000000002
177.73200000000003
177.7529
177.77380000000002
177.7947
177.81560000000002
177.7947
177.77380000000002
177.7529
177.73200000000003
177.71120000000002
177.6944
177.6819
177.66940000000002
177.6568
177.64430000000002
177.63170000000002
177.6485
177.66520000000003
177.6819
177.69860000000003
177.7153
177.73620000000003
177.7613
177.78640000000001
177.81140000000002
177.8365
177.8616
177.8365
177.81140000000002
177.78640000000001
177.7613
177.73620000000003
177.72160000000002
177.71740000000003
177.7132
177.7091
177.7049
177.7007
177.69650000000001
177.69230000000002
177.68820000000002
177.68400000000003
177.67980000000003
177.69690000000003
177.73520000000002
177.7735
177.8118
177.85010000000003
177.88840000000002
177.8992
177.88250000000002
177.8658
177.84900000000002
177.8323
177.81560000000002
177.7947
177.77380000000002
177.7529
177.73200000000003
177.71120000000002
177.70280000000002
177.70700000000002
177.71120000000002
177.7153
177.7195
177.7237
177.7237
177.7237
177.7237
177.7237
177.7237
177.72990000000001
177.7425
177.75500000000002
177.7675
177.7801
177.79260000000002
177.85950000000003
177.92630000000003
177.9932
178.0601
178.1269
178.13950000000003
178.0977
178.0559
178.0141
177.97230000000002
177.93050000000002
177.9514
177.97230000000002
177.9932
178.0141
178.03500000000003
178.02870000000001
177.99530000000001
177.9619
177.9284
177.895
177.8616
177.88250000000002
177.9034
177.92430000000002
177.94510000000002
177.966
177.98280000000003
177.99530000000001
178.0078
178.02040000000002
178.0329
178.0454
178.05800000000002
178.0705
178.08300000000003
178.09560000000002
178.1081
178.09560000000002
178.05800000000002
178.02040000000002
177.98270000000002
177.94510000000002
177.90750000000003
177.92010000000002
177.9326
177.94510000000002
177.95770000000002
177.9702
177.9848
178.00160000000002
178.0183
178.03500000000003
178.0517
178.06840000000003
178.04340000000002
178.0183
177.9932
177.96810000000002
177.94310000000002
177.9326
177.9368
177.941
177.94510000000002
177.94930000000002
177.95350000000002
177.966
177.97860000000003
177.99110000000002
178.0036
178.01620000000003
178.0141
177.99740000000003
177.9807
177.96400000000003
177.9472
177.93050000000002
177.96400000000003
177.99740000000003
178.03080000000003
178.06420000000003
178.0977
178.1123
178.1081
178.1039
178.09980000000002
178.09560000000002
178.09140000000002
178.04080000000002
177.99030000000002
177.93970000000002
177.88920000000002
177.8386
177.8093
177.7801
177.75080000000003
177.72160000000002
177.69230000000002
177.69860000000003
177.74040000000002
177.78220000000002
177.824
177.8658
177.90750000000003
177.8999
177.8922
177.8846
177.8769
177.8692
177.8616
177.8323
177.8031
177.77380000000002
177.74460000000002
177.7153
177.7153
177.74460000000002
177.77380000000002
177.8031
177.8323
177.8616
177.8365
177.81140000000002
177.78640000000001
177.7613
177.73620000000003
177.74040000000002
177.77380000000002
177.80730000000003
177.84070000000003
177.87410000000003
177.90750000000003
177.8699
177.8323
177.7947
177.7571
177.7195
177.7007
177.7007
177.7007
177.7007
177.7007
177.7007
177.7049
177.7091
177.7132
177.71740000000003
177.72160000000002
177.7195
177.71120000000002
177.70280000000002
177.6944
177.6861
177.67770000000002
177.6902
177.70280000000002
177.7153
177.7279
177.74040000000002
177.74460000000002
177.74040000000002
177.73620000000003
177.73200000000003
177.7279
177.7237
177.7613
177.7989
177.8365
177.87410000000003
177.91170000000002
177.93050000000002
177.93050000000002
177.93050000000002
177.93050000000002
177.93050000000002
177.93050000000002
177.8846
177.8386
177.79260000000002
177.7467
177.7007
177.69860000000003
177.74040000000002
177.78220000000002
177.824
177.8658
177.90750000000003
177.87830000000002
177.84900000000002
177.81980000000001
177.7905
177.7613
177.74460000000002
177.74040000000002
177.73620000000003
177.73200000000003
177.7279
177.7237
177.7487
177.77380000000002
177.7989
177.824
