0.1500084325671196
0.1500084325671196
0.1486431211233139
0.1486431211233139
0.14925655722618103
0.14633092284202576
0.14633092284202576
0.13705530017614365
0.12973179668188095
0.12973179668188095
0.11737095564603806
0.11737095564603806
0.11737095564603806
0.11737095564603806
0.11737095564603806
0.11131343990564346
0.11131343990564346
0.11131343990564346
0.1277998611330986
0.12103333324193954
0.1260969638824463
0.7343465387821198
0.7343465387821198
1.0680811405181885
1.3907087445259094
1.3907087445259094
1.3907087445259094
1.3907087445259094
1.3907087445259094
1.3907087445259094
1.3907087445259094
1.3907087445259094
1.3907087445259094
1.3907087445259094
1.3907087445259094
1.4174928665161133
1.449155330657959
2.027990460395813
2.1470640301704407
2.1470640301704407
2.27383029460907
2.260893940925598
2.054873824119568
2.0875577330589294
2.0875577330589294
1.9777473211288452
1.9316629767417908
2.2483672499656677
1.9310736060142517
2.0080976486206055
2.0080976486206055
2.0080976486206055
2.0080976486206055
2.0080976486206055
1.650789737701416
1.650789737701416
1.1531298160552979
1.1531298160552979
1.10992431640625
1.10992431640625
1.10992431640625
0.9939715266227722
0.9939715266227722
0.9939715266227722
0.9939715266227722
0.9737179279327393
0.9737179279327393
0.9472087025642395
0.9472087025642395
0.8553305268287659
0.8497223258018494
0.8497223258018494
0.8497223258018494
0.5375892519950867
0.5375892519950867
0.5375892519950867
0.5375892519950867
0.23838511109352112
0.23838511109352112
0.23838511109352112
0.16324039548635483
0.16324039548635483
0.17004293203353882
0.17004293203353882
0.11910542845726013
0.11910542845726013
0.12682845443487167
0.12316396087408066
0.12316396087408066
0.12316396087408066
0.12316396087408066
0.12316396087408066
0.12316396087408066
0.12316396087408066
0.11833703517913818
0.1179402619600296
