3.7841356601572587
3.757720267445982
3.7918107882058445
3.8043396069536524
3.754719841960959
3.7937533457075707
3.7039521645537694
3.868477419712809
3.835210856320484
3.979665492374498
4.0280010998970175
4.320856096714608
4.342850260214124
4.71117090006089
4.652865451476195
5.067209793761476
5.06117172031297
5.219408537337461
5.40893923540582
5.043425099739756
5.045678662150703
3.3371207507736615
3.323437261187063
2.220730956658972
1.9581827871623516
1.852563207296324
1.670672839405529
1.6333126892012804
1.4580294422000462
1.4473661349255083
1.3391584600504234
1.3073327648482143
1.2236246843328955
1.2221018189946224
1.1772283081714134
1.1451212317368735
1.1605044676808216
1.0993614536598848
1.120606666634546
1.0915844782255864
1.0973198145342051
1.1277310434066121
1.1679981535904318
1.1781519931530091
1.1893371662235201
1.2133873345783195
1.2115993869671053
1.2327675361668147
1.2518219347017332
1.2435784116010156
1.2638822858452325
1.2580212924014804
1.3184634729829885
1.3202783022149238
1.3614371978808115
1.3587771841735887
1.4114813487977043
1.3983582209576357
1.427608929818889
1.442938629104416
1.4489810917160386
1.462951371871851
1.4705265912806764
1.5074773649565865
1.5197082118244458
1.576717522768208
1.5721463893422445
1.6559279348510225
1.6628148996315393
1.806237969208115
1.828624990862496
2.069274779915256
2.082273207975725
2.635727170968453
2.649624971514756
3.2157191147635933
3.229577515415144
4.658610115268018
4.535976835823188
4.429063360193602
4.868072147771254
5.157040190831059
5.151232825650711
5.188541197446038
5.744280346067682
5.578803149191361
5.486401086965067
5.539420412325718
5.57282602103185
5.390128451957048
5.135924793411654
4.809978574995012
4.7447312585322505
4.418309925030641
4.40085542348941
4.304260731635466
