0.0 0.03726432844996452
0.0 0.03756687417626381
0.0 0.03756687417626381
0.0 0.038199346512556076
0.0 0.039591919630765915
0.0 0.03977222740650177
0.0 0.04012654721736908
0.0 0.04018370062112808
0.0 0.04027555137872696
0.0 0.041376080363988876
0.0 0.04228723421692848
0.0 0.04239669814705849
0.0 0.04251764342188835
0.0 0.04264352098107338
0.0 0.042648330330848694
0.0 0.042687587440013885
0.0 0.04269730672240257
0.0 0.043047647923231125
0.0 0.043047647923231125
0.0 0.04338813200592995
0.0 0.043821342289447784
0.0 0.043821342289447784
0.0 0.04406268149614334
0.0 0.04409603029489517
0.0 0.04440225288271904
0.0 0.04444929584860802
0.0 0.0444943830370903
0.0 0.04463440179824829
0.0 0.04463440179824829
0.0 0.04474181309342384
0.0 0.044769857078790665
0.0 0.04480491206049919
0.0 0.04495709016919136
0.0 0.04495709389448166
0.0 0.04505230486392975
0.0 0.04529878497123718
0.0 0.04548626393079758
0.0 0.04556939750909805
0.0 0.045605920255184174
0.0 0.0457623228430748
0.0 0.04578973725438118
0.0 0.045810479670763016
0.0 0.04605290666222572
0.0 0.04605290666222572
0.0 0.046094466000795364
0.0 0.04620768129825592
0.0 0.046230293810367584
0.0 0.046276453882455826
0.0 0.04631911218166351
0.0 0.046334974467754364
0.0 0.04640258476138115
0.0 0.046516019850969315
0.0 0.04652687534689903
0.0 0.046678584069013596
0.0 0.046678584069013596
0.0 0.04668286442756653
0.0 0.046751897782087326
0.0 0.046756815165281296
0.0 0.04688667133450508
0.0 0.046951569616794586
0.0 0.046969350427389145
0.0 0.04710987210273743
0.0 0.047261398285627365
0.0 0.047314371913671494
0.0 0.04732578620314598
0.0 0.04733022302389145
0.0 0.04733022302389145
0.0 0.04745450243353844
0.0 0.047675151377916336
0.0 0.04770587012171745
0.0 0.04771456867456436
0.0 0.047745365649461746
0.0 0.04787713289260864
0.0 0.04794997349381447
0.0 0.04835338518023491
0.0 0.04838543385267258
0.0 0.04842013865709305
0.0 0.04904966801404953
0.0 0.04910743236541748
0.0 0.04910743609070778
0.0 0.04923758655786514
0.0 0.04926956444978714
0.0 0.04926956444978714
0.0 0.04928245022892952
0.0 0.0492866113781929
0.0 0.04934166744351387
0.0 0.04957761615514755
0.0 0.04966185614466667
0.0 0.04970201477408409
0.0 0.04972122237086296
0.0 0.05021922290325165
0.0 0.05027583986520767
0.0 0.05036536604166031
0.0 0.050368938595056534
0.0 0.05061136186122894
0.0 0.05063200369477272
0.0 0.050633881241083145
0.0 0.0506814569234848
0.0 0.05075155198574066
0.0 0.0509495809674263
0.0 0.05112915113568306
0.0 0.05113736540079117
0.0 0.05113736540079117
0.0 0.051188573241233826
0.0 0.0512089841067791
0.0 0.051263049244880676
0.0 0.05137285217642784
0.0 0.05152387544512749
0.0 0.05163593962788582
0.0 0.05187726020812988
0.0 0.05190327391028404
0.0 0.051917530596256256
0.0 0.05196845158934593
0.0 0.05212993547320366
0.0 0.05216991528868675
0.0 0.05220191553235054
0.0 0.05224413797259331
0.0 0.05224825441837311
0.0 0.05248447135090828
0.0 0.05264294892549515
0.0 0.05266498029232025
0.0 0.05271252244710922
0.0 0.05273234471678734
0.0 0.052736420184373856
0.0 0.052743054926395416
0.0 0.05276504531502724
0.0 0.05280227214097977
0.0 0.05292173847556114
0.0 0.053008489310741425
0.0 0.0530894510447979
0.0 0.05310932174324989
0.0 0.05312570184469223
0.0 0.053174618631601334
0.0 0.05319652333855629
0.0 0.05322781205177307
0.0 0.053235702216625214
0.0 0.05330637842416763
0.0 0.0533110685646534
0.0 0.05336984246969223
0.0 0.053387172520160675
0.0 0.053456805646419525
0.0 0.053511399775743484
0.0 0.05352868139743805
0.0 0.05353868007659912
0.0 0.053613804280757904
0.0 0.05363888293504715
0.0 0.05364009737968445
0.0 0.05365435779094696
0.0 0.053668148815631866
0.0 0.05381672829389572
0.0 0.0538245290517807
0.0 0.053886640816926956
0.0 0.05396656319499016
0.0 0.05397425591945648
0.0 0.05401129275560379
0.0 0.05401138588786125
0.0 0.05402675271034241
0.0 0.05420691892504692
0.0 0.0542299710214138
0.0 0.054329365491867065
0.0 0.054346296936273575
0.0 0.05448384955525398
0.0 0.054493024945259094
0.0 0.054514311254024506
0.0 0.05452384799718857
0.0 0.05452403053641319
0.0 0.054539069533348083
0.0 0.05468354374170303
0.0 0.05468354374170303
0.0 0.054702650755643845
0.0 0.054833199828863144
0.0 0.054833199828863144
0.0 0.05487121269106865
0.0 0.054921671748161316
0.0 0.05512349680066109
0.0 0.055153876543045044
0.0 0.055198099464178085
0.0 0.055243462324142456
0.0 0.05530976504087448
0.0 0.0553198866546154
0.0 0.05532865598797798
0.0 0.055395305156707764
0.0 0.055472783744335175
0.0 0.055478282272815704
0.0 0.055478285998106
0.0 0.05548405274748802
0.0 0.055495407432317734
0.0 0.05556194484233856
0.0 0.05560539662837982
0.0 0.055629488080739975
0.0 0.05565204471349716
0.0 0.05568033829331398
0.0 0.05573365092277527
0.0 0.055735357105731964
0.0 0.05577113851904869
0.0 0.055808600038290024
0.0 0.055878348648548126
0.0 0.05595516040921211
0.0 0.0559738352894783
0.0 0.0560566671192646
0.0 0.0560566671192646
0.0 0.05609768256545067
0.0 0.05617828667163849
0.0 0.056198932230472565
0.0 0.056221261620521545
0.0 0.05622873082756996
0.0 0.056262243539094925
0.0 0.056267574429512024
0.0 0.05626766383647919
0.0 0.056355834007263184
0.0 0.05637224391102791
0.0 0.0564521923661232
0.0 0.056512121111154556
0.0 0.05651354044675827
0.0 0.056513626128435135
0.0 0.05655112862586975
0.0 0.05657278373837471
0.0 0.056578438729047775
0.0 0.056578442454338074
0.0 0.05671366676688194
0.0 0.05672680214047432
0.0 0.05672680214047432
0.0 0.056824907660484314
0.0 0.05683959648013115
0.0 0.0568636953830719
0.0 0.05690773203969002
0.0 0.056941550225019455
0.0 0.05694163590669632
0.0 0.05697253718972206
0.0 0.05697253718972206
0.0 0.0570148229598999
0.0 0.05702955275774002
0.0 0.057040512561798096
0.0 0.05705970525741577
0.0 0.057112518697977066
0.0 0.05719134584069252
0.0 0.05719134584069252
0.0 0.057316314429044724
0.0 0.05731631815433502
0.0 0.05731780081987381
0.0 0.057330794632434845
0.0 0.057356253266334534
0.0 0.05737081170082092
0.0 0.05740078538656235
0.0 0.057414546608924866
0.0 0.05749017372727394
0.0 0.05749017372727394
0.0 0.05758688971400261
0.0 0.05758845433592796
0.0 0.05777231231331825
0.0 0.057792387902736664
0.0 0.057800088077783585
0.0 0.05781210958957672
0.0 0.05785784125328064
0.0 0.05785784497857094
0.0 0.05793004482984543
0.0 0.05793202668428421
0.0 0.057960934937000275
0.0 0.05804825574159622
0.0 0.058102063834667206
0.0 0.058118414133787155
0.0 0.058225080370903015
0.0 0.05824285373091698
0.0 0.05832966789603233
0.0 0.058343980461359024
0.0 0.058343980461359024
0.0 0.058343980461359024
0.0 0.058394093066453934
0.0 0.05839931592345238
0.0 0.058401286602020264
0.0 0.05841558054089546
0.0 0.05853588879108429
0.0 0.05854707583785057
0.0 0.0586278960108757
0.0 0.05868637189269066
0.0 0.058693524450063705
0.0 0.05872393026947975
0.0 0.05883128568530083
0.0 0.058971941471099854
0.0 0.05897914990782738
0.0 0.05900033935904503
0.0 0.05903253331780434
0.0 0.05905971676111221
0.0 0.05914093181490898
0.0 0.059144485741853714
0.0 0.05923512578010559
0.0 0.05925816297531128
0.0 0.05926516652107239
0.0 0.059385690838098526
0.0 0.0594048835337162
0.0 0.0594208724796772
0.0 0.059490084648132324
0.0 0.05950596556067467
0.0 0.059511005878448486
0.0 0.05951302498579025
0.0 0.059584058821201324
0.0 0.059590183198451996
0.0 0.05959370732307434
0.0 0.05966104194521904
0.0 0.059729140251874924
0.0 0.05973608419299126
0.0 0.05974495783448219
0.0 0.05987662449479103
0.0 0.059881966561079025
0.0 0.05989248678088188
0.0 0.05998191237449646
0.0 0.060004666447639465
0.0 0.06002216041088104
0.0 0.060039568692445755
0.0 0.06005347520112991
0.0 0.06007511913776398
0.0 0.06014266237616539
0.0 0.06016884744167328
0.0 0.06017233803868294
0.0 0.06017325073480606
0.0 0.06018272042274475
0.0 0.060342937707901
0.0 0.06042863801121712
0.0 0.06044211983680725
0.0 0.060485534369945526
0.0 0.06053115054965019
0.0 0.06055352836847305
0.0 0.06060362979769707
0.0 0.06062161177396774
0.0 0.0606575645506382
0.0 0.060745615512132645
0.0 0.06078231707215309
0.0 0.060818418860435486
0.0 0.06087150424718857
0.0 0.06090090423822403
0.0 0.060954492539167404
0.0 0.06102155148983002
0.0 0.06107855588197708
0.0 0.06112160161137581
0.0 0.061169274151325226
0.0 0.06122899800539017
0.0 0.06122956797480583
0.0 0.061238471418619156
0.0 0.06127585098147392
0.0 0.06128417328000069
0.0 0.06129281967878342
0.0 0.06132365018129349
0.0 0.06135307624936104
0.0 0.06135421618819237
0.0 0.061427924782037735
0.0 0.06144680827856064
0.0 0.06145510450005531
0.0 0.06151560693979263
0.0 0.061523813754320145
0.0 0.06153738871216774
0.0 0.061586685478687286
0.0 0.06165338680148125
0.0 0.061687275767326355
0.0 0.061777181923389435
0.0 0.061777181923389435
0.0 0.06178956478834152
0.0 0.061850544065237045
0.0 0.0618758425116539
0.0 0.06191122904419899
0.0 0.06193891912698746
0.0 0.06193891912698746
0.0 0.061938922852277756
0.0 0.061952318996191025
0.0 0.06198806315660477
0.0 0.062001533806324005
0.0 0.06201830506324768
0.0 0.06203168258070946
0.0 0.06207302212715149
0.0 0.06208784133195877
0.0 0.06209943816065788
0.0 0.06222756579518318
0.0 0.062243152409791946
0.0 0.06224982067942619
0.0 0.06229149177670479
0.0 0.06231877580285072
0.0 0.06235984340310097
0.0 0.062379803508520126
0.0 0.0623825304210186
0.0 0.06238469108939171
0.0 0.06238469481468201
0.0 0.06243012100458145
0.0 0.062433402985334396
0.0 0.06247847527265549
0.0 0.06254590302705765
0.0 0.06260455399751663
0.0 0.06264686584472656
0.0 0.062648706138134
0.0 0.06265348941087723
0.0 0.06276743113994598
0.0 0.06277196854352951
0.0 0.06279410421848297
0.0 0.06279920786619186
0.0 0.06282737851142883
0.0 0.06283247470855713
0.0 0.06285928934812546
0.0 0.06296935677528381
0.0 0.06296935677528381
0.0 0.06298079341650009
0.0 0.06299944221973419
0.0 0.06305457651615143
0.0 0.06306560337543488
0.0 0.06306781619787216
0.0 0.06309936940670013
0.0 0.06311600655317307
0.0 0.06312590837478638
0.0 0.06312931329011917
0.0 0.06313247978687286
0.0 0.06313390284776688
0.0 0.06329850107431412
0.0 0.0633072629570961
0.0 0.06332700699567795
0.0 0.06336197257041931
0.0 0.06339148432016373
0.0 0.06339148432016373
0.0 0.06343761086463928
0.0 0.0635320395231247
0.0 0.06353707611560822
0.0 0.0636560320854187
0.0 0.06365752220153809
0.0 0.06366223096847534
0.0 0.06370847672224045
0.0 0.06371507048606873
0.0 0.0637434720993042
0.0 0.0637761726975441
0.0 0.06378918886184692
0.0 0.06381731480360031
0.0 0.0638354942202568
0.0 0.0638369768857956
0.0 0.0638369768857956
0.0 0.06385985016822815
0.0 0.0640130490064621
0.0 0.0640130490064621
0.0 0.06401960551738739
0.0 0.06402616947889328
0.0 0.06407183408737183
0.0 0.06407690793275833
0.0 0.06408002972602844
0.0 0.06408985704183578
0.0 0.06409149616956711
0.0 0.06417203694581985
0.0 0.06421588361263275
0.0 0.06424032896757126
0.0 0.06428094208240509
0.0 0.06428670138120651
0.0 0.06436777114868164
0.0 0.06436792761087418
0.0 0.06437437236309052
0.0 0.06437903642654419
0.0 0.06443019211292267
0.0 0.06443671137094498
0.0 0.06445618718862534
0.0 0.06448209285736084
0.0 0.06448984146118164
0.0 0.06449496001005173
0.0 0.06451442092657089
0.0 0.06454355269670486
0.0 0.06456191092729568
0.0 0.06460247933864594
0.0 0.06460247933864594
0.0 0.06460712105035782
0.0 0.06460712105035782
0.0 0.06462190300226212
0.0 0.06462831795215607
0.0 0.06463342905044556
0.0 0.06467356532812119
0.0 0.06469196081161499
0.0 0.06469837576150894
0.0 0.06471128016710281
0.0 0.06474997848272324
0.0 0.06474997848272324
0.0 0.06476457417011261
0.0 0.06480663269758224
0.0 0.06482167541980743
0.0 0.06483317166566849
0.0 0.06484095752239227
0.0 0.06485375761985779
0.0 0.06488790363073349
0.0 0.06490061432123184
0.0 0.06492326408624649
0.0 0.06493180990219116
0.0 0.06499430537223816
0.0 0.06524951756000519
0.0 0.06525266170501709
0.0 0.06527189165353775
0.0 0.06529440730810165
0.0 0.06530076265335083
0.0 0.0653245747089386
0.0 0.06533804535865784
0.0 0.06535510718822479
0.0 0.06535510718822479
0.0 0.06535510718822479
0.0 0.06538738310337067
0.0 0.06542285531759262
0.0 0.06544524431228638
0.0 0.06549061089754105
0.0 0.06551114469766617
0.0 0.06556081026792526
0.0 0.06562438607215881
0.0 0.0656760185956955
0.0 0.06567754596471786
0.0 0.06568561494350433
0.0 0.06570784002542496
0.0 0.06573005765676498
0.0 0.06573644280433655
0.0 0.06574275344610214
0.0 0.06575233489274979
0.0 0.06575454026460648
0.0 0.06576655805110931
0.0 0.06580068171024323
0.0 0.06580524146556854
0.0 0.0658101812005043
0.0 0.06581337004899979
0.0 0.06582924723625183
0.0 0.0658419281244278
0.0 0.06585779786109924
0.0 0.06587366759777069
0.0 0.06587579101324081
0.0 0.06588634103536606
0.0 0.0659053847193718
0.0 0.06590743362903595
0.0 0.06591244041919708
0.0 0.06591381132602692
0.0 0.06592647731304169
0.0 0.0659504383802414
0.0 0.06595180183649063
0.0 0.06595180183649063
0.0 0.06596066802740097
0.0 0.06596938520669937
0.0 0.06598204374313354
0.0 0.06598984450101852
0.0 0.06601052731275558
0.0 0.06601052731275558
0.0 0.06602855026721954
0.0 0.06603976339101791
0.0 0.06610295176506042
0.0 0.06611240655183792
0.0 0.06611248105764389
0.0 0.06618715822696686
0.0 0.06619992852210999
0.0 0.06621865183115005
0.0 0.06623141467571259
0.0 0.06623148918151855
0.0 0.06624899804592133
0.0 0.06625201553106308
0.0 0.06629931926727295
0.0 0.06630324572324753
0.0 0.06631402671337128
0.0 0.06631402671337128
0.0 0.06631402671337128
0.0 0.06632035970687866
0.0 0.0663454607129097
0.0 0.06634560972452164
0.0 0.06638327986001968
0.0 0.06640707701444626
0.0 0.06640918552875519
0.0 0.06643605977296829
0.0 0.06644554436206818
0.0 0.06651601195335388
0.0 0.06659376621246338
0.0 0.06659827381372452
0.0 0.06660960614681244
0.0 0.06668155640363693
0.0 0.06668155640363693
0.0 0.0666993260383606
0.0 0.0666993260383606
0.0 0.06671184301376343
0.0 0.06671184301376343
0.0 0.06674309074878693
0.0 0.06674795597791672
0.0 0.0667496845126152
0.0 0.066806361079216
0.0 0.06683629006147385
0.0 0.06688624620437622
0.0 0.06688632071018219
0.0 0.06690187007188797
0.0 0.06690187007188797
0.0 0.06690500676631927
0.0 0.06690821796655655
0.0 0.06691128760576248
0.0 0.06693197786808014
0.0 0.06693833321332932
0.0 0.06695080548524857
0.0 0.0669587180018425
0.0 0.06696424633264542
0.0 0.06697745621204376
0.0 0.06699440628290176
0.0 0.06700701266527176
0.0 0.06702596694231033
0.0 0.06709970533847809
0.0 0.06714707612991333
0.0 0.06716501712799072
0.0 0.0671682208776474
0.0 0.06719784438610077
0.0 0.06721993535757065
0.0 0.06721993535757065
0.0 0.06725206226110458
0.0 0.06730861961841583
0.0 0.06731998175382614
0.0 0.06736823916435242
0.0 0.06739436089992523
0.0 0.06740230321884155
0.0 0.06740549206733704
0.0 0.06747666001319885
0.0 0.06748044490814209
0.0 0.06748347729444504
0.0 0.0675065889954567
0.0 0.06753303110599518
0.0 0.06753621250391006
0.0 0.06754864752292633
0.0 0.06758246570825577
0.0 0.06762344390153885
0.0 0.06762470304965973
0.0 0.06777824461460114
0.0 0.06782153248786926
0.0 0.06784194707870483
0.0 0.06785609573125839
0.0 0.06789116561412811
0.0 0.0678974986076355
0.0 0.06792201101779938
0.0 0.06797800958156586
0.0 0.06800875067710876
0.0 0.06801485270261765
0.0 0.06804109364748001
0.0 0.0680718719959259
0.0 0.06813391298055649
0.0 0.0681447759270668
0.0 0.06823195517063141
0.0 0.06825532764196396
0.0 0.06825532764196396
0.0 0.06827385723590851
0.0 0.06827539950609207
0.0 0.0682893842458725
0.0 0.0683043897151947
0.0 0.06831669062376022
0.0 0.06831903010606766
0.0 0.06833666563034058
0.0 0.06834888458251953
0.0 0.06839057058095932
0.0 0.06840884685516357
0.0 0.06841498613357544
0.0 0.06841498613357544
0.0 0.06845641136169434
0.0 0.06845954805612564
0.0 0.06849474459886551
0.0 0.06850897520780563
0.0 0.06853028386831284
0.0 0.0685485228896141
0.0 0.06855596601963043
0.0 0.06857776641845703
0.0 0.06863585114479065
0.0 0.06867233663797379
0.0 0.06870444118976593
0.0 0.06871360540390015
0.0 0.06871659308671951
0.0 0.06871659308671951
0.0 0.06876285374164581
0.0 0.06876423209905624
0.0 0.06878248602151871
0.0 0.06878415495157242
0.0 0.06879018992185593
0.0 0.06880065053701401
0.0 0.06882361322641373
0.0 0.06882564723491669
0.0 0.06884497404098511
0.0 0.06886203587055206
0.0 0.0688856989145279
0.0 0.06890007108449936
0.0 0.06891052424907684
0.0 0.06891066581010818
0.0 0.06891226023435593
0.0 0.06893046945333481
0.0 0.06893482059240341
0.0 0.06895767152309418
0.0 0.068966805934906
0.0 0.06896977871656418
0.0 0.06902629882097244
0.0 0.06903412193059921
0.0 0.06903854012489319
0.0 0.06905049085617065
0.0 0.06905056536197662
0.0 0.06905657052993774
0.0 0.06906265020370483
0.0 0.0690976083278656
0.0 0.06914665549993515
0.0 0.06917990744113922
0.0 0.06919191032648087
0.0 0.06919263303279877
0.0 0.06921610981225967
0.0 0.06923720240592957
0.0 0.06931724399328232
0.0 0.06932365894317627
0.0 0.06933736056089401
0.0 0.06933736056089401
0.0 0.06941022723913193
0.0 0.06942053139209747
0.0 0.06943269819021225
0.0 0.06943435966968536
0.0 0.06943435966968536
0.0 0.06946740299463272
0.0 0.06947942078113556
0.0 0.06949920952320099
0.0 0.06950489431619644
0.0 0.06952819973230362
0.0 0.06954322755336761
0.0 0.06960028409957886
0.0 0.069606252014637
0.0 0.06963828206062317
0.0 0.06965012848377228
0.0 0.06965622305870056
0.0 0.06965795159339905
0.0 0.06965795159339905
0.0 0.06971025466918945
0.0 0.06972689926624298
0.0 0.06976481527090073
0.0 0.06979469954967499
0.0 0.06979648768901825
0.0 0.06980343908071518
0.0 0.0698247104883194
0.0 0.06983530521392822
0.0 0.0698665902018547
0.0 0.06990772485733032
0.0 0.06991072744131088
0.0 0.0699210986495018
0.0 0.06994662433862686
0.0 0.06995856016874313
0.0 0.06996949017047882
0.0 0.06997642666101456
0.0 0.06997642666101456
0.0 0.07000992447137833
0.0 0.07001228630542755
0.0 0.0700785294175148
0.0 0.07009337097406387
0.0 0.07009343802928925
0.0 0.07010998576879501
0.0 0.07011797279119492
0.0 0.0701291635632515
0.0 0.07013215869665146
0.0 0.07020420581102371
0.0 0.0702160969376564
0.0 0.07026264816522598
0.0 0.07029245793819427
0.0 0.07029850780963898
0.0 0.07030440866947174
0.0 0.0703238919377327
0.0 0.07033868134021759
0.0 0.07034166902303696
0.0 0.0703941062092781
0.0 0.07041186094284058
0.0 0.07044316828250885
0.0 0.07044324278831482
0.0 0.07044757157564163
0.0 0.07046005874872208
0.0 0.07046104967594147
0.0 0.07046396285295486
0.0 0.07046595215797424
0.0 0.07047723233699799
0.0 0.07047779858112335
0.0 0.07047878950834274
0.0 0.07049652189016342
0.0 0.07050907611846924
0.0 0.07051921635866165
0.0 0.07051921635866165
0.0 0.07052092254161835
0.0 0.0705251693725586
0.0 0.0705387145280838
0.0 0.07054898887872696
0.0 0.0705682635307312
0.0 0.07057265937328339
0.0 0.07057414203882217
0.0 0.07058597356081009
0.0 0.07058597356081009
0.0 0.0705948993563652
0.0 0.0705948993563652
0.0 0.07060673087835312
0.0 0.07066059857606888
0.0 0.07066193968057632
0.0 0.0706666111946106
0.0 0.0706678107380867
0.0 0.07072269916534424
0.0 0.0707441195845604
0.0 0.07074998319149017
0.0 0.07075683772563934
0.0 0.07079717516899109
0.0 0.07084144651889801
0.0 0.0708816647529602
0.0 0.07089950889348984
0.0 0.07090401649475098
0.0 0.07091699540615082
0.0 0.07092171907424927
0.0 0.07092460989952087
0.0 0.0709289088845253
0.0 0.07093638181686401
0.0 0.07093644887208939
0.0 0.07093644887208939
0.0 0.0709405392408371
0.0 0.07094060629606247
0.0 0.0709628090262413
0.0 0.07096485048532486
0.0 0.0710487812757492
0.0 0.07105173915624619
0.0 0.07105469703674316
0.0 0.07106053829193115
0.0 0.0710606798529625
0.0 0.07108403742313385
0.0 0.07109289616346359
0.0 0.07113852351903915
0.0 0.07115237414836884
0.0 0.07116536796092987
0.0 0.07117120176553726
0.0 0.07120224833488464
0.0 0.07122267782688141
0.0 0.07123053818941116
0.0 0.07123053818941116
0.0 0.07124970108270645
0.0 0.07124970108270645
0.0 0.07124970108270645
0.0 0.07127152383327484
0.0 0.07127755880355835
0.0 0.07127776741981506
0.0 0.0712820440530777
0.0 0.07128912955522537
0.0 0.07132440060377121
0.0 0.07132440060377121
0.0 0.07133477181196213
0.0 0.07133477181196213
0.0 0.07137345522642136
0.0 0.07139390707015991
0.0 0.07140111923217773
0.0 0.0714026615023613
0.0 0.07140854001045227
0.0 0.07142030447721481
0.0 0.07144858688116074
0.0 0.07151279598474503
0.0 0.07153027504682541
0.0 0.07154355198144913
0.0 0.07155822962522507
0.0 0.07157129049301147
0.0 0.07157289981842041
0.0 0.07157772034406662
0.0 0.07160104811191559
0.0 0.07160844653844833
0.0 0.0716114491224289
0.0 0.07161278277635574
0.0 0.07164055854082108
0.0 0.07164642214775085
0.0 0.07167098671197891
0.0 0.0716988816857338
0.0 0.0716988816857338
0.0 0.0716988816857338
0.0 0.07170669734477997
0.0 0.07175192981958389
0.0 0.07176364213228226
0.0 0.07176364213228226
0.0 0.07177653163671494
0.0 0.07179401069879532
0.0 0.07180152833461761
0.0 0.07183349132537842
0.0 0.07187029719352722
0.0 0.071906678378582
0.0 0.0719105675816536
0.0 0.071934275329113
0.0 0.07193483412265778
0.0 0.07194004207849503
0.0 0.07194004207849503
0.0 0.07194442301988602
0.0 0.07198291271924973
0.0 0.07198715209960938
0.0 0.0720222219824791
0.0 0.07205671817064285
0.0 0.0721268355846405
0.0 0.07219785451889038
0.0 0.0722317099571228
0.0 0.07224195450544357
0.0 0.0722476989030838
0.0 0.072259321808815
0.0 0.07226064056158066
0.0 0.07226064056158066
0.0 0.07226506620645523
0.0 0.07228948920965195
0.0 0.07229979336261749
0.0 0.07231853157281876
0.0 0.07236525416374207
0.0 0.0723767951130867
0.0 0.07238252460956573
0.0 0.07238259166479111
0.0 0.0723939910531044
0.0 0.07240565866231918
0.0 0.07240566611289978
0.0 0.07243023812770844
0.0 0.07260282337665558
0.0 0.0726303681731224
0.0 0.07263477146625519
0.0 0.07264178991317749
0.0 0.07265617698431015
0.0 0.07269642502069473
0.0 0.07270701229572296
0.0 0.07271430641412735
0.0 0.07272282987833023
0.0 0.0727459266781807
0.0 0.07275458425283432
0.0 0.07275458425283432
0.0 0.07276606559753418
0.0 0.07278797775506973
0.0 0.07279471307992935
0.0 0.07280047982931137
0.0 0.07284408062696457
0.0 0.07285560667514801
0.0 0.07287845760583878
0.0 0.07288134098052979
0.0 0.0728842243552208
0.0 0.07289567589759827
0.0 0.0729244127869606
0.0 0.07296629250049591
0.0 0.07297780364751816
0.0 0.07301081717014313
0.0 0.07305285334587097
0.0 0.07305285334587097
0.0 0.07305286079645157
0.0 0.07307564467191696
0.0 0.07307954877614975
0.0 0.07308871299028397
0.0 0.07308871299028397
0.0 0.07309247553348541
0.0 0.07309849560260773
0.0 0.07311723381280899
0.0 0.07312140613794327
0.0 0.07312865555286407
0.0 0.07312865555286407
0.0 0.07313152402639389
0.0 0.07313726842403412
0.0 0.07314293831586838
0.0 0.07315435260534286
0.0 0.07318073511123657
0.0 0.0732634961605072
0.0 0.07329549640417099
0.0 0.07334521412849426
0.0 0.07335523515939713
0.0 0.0733850821852684
0.0 0.0734008178114891
0.0 0.07343214750289917
0.0 0.07345270365476608
0.0 0.07346536964178085
0.0 0.07347536832094193
0.0 0.0734868049621582
0.0 0.07348809391260147
0.0 0.07352271676063538
0.0 0.07355277240276337
0.0 0.07357968389987946
0.0 0.07358518987894058
0.0 0.07359259575605392
0.0 0.07366348803043365
0.0 0.07366539537906647
0.0 0.07368262857198715
0.0 0.07368391752243042
0.0 0.07368391752243042
0.0 0.07369369268417358
0.0 0.07370942831039429
0.0 0.07370942831039429
0.0 0.07370942831039429
0.0 0.07371065020561218
0.0 0.07371065020561218
0.0 0.07371071726083755
0.0 0.07371228188276291
0.0 0.07374347746372223
0.0 0.07378089427947998
0.0 0.07382451742887497
0.0 0.07383176684379578
0.0 0.0738648772239685
0.0 0.0738648772239685
0.0 0.07391440868377686
0.0 0.07392137497663498
0.0 0.07392570376396179
0.0 0.07392699271440506
0.0 0.07397378236055374
0.0 0.07399073988199234
0.0 0.07399986684322357
0.0 0.07400486618280411
0.0 0.07402742654085159
0.0 0.0740295872092247
0.0 0.07404613494873047
0.0 0.07405626028776169
0.0 0.07408440858125687
0.0 0.07411538064479828
0.0 0.07413143664598465
0.0 0.07414087653160095
0.0 0.07414823025465012
0.0 0.07414863258600235
0.0 0.07417088747024536
0.0 0.07418928295373917
0.0 0.07420054078102112
0.0 0.0742165744304657
0.0 0.0742165744304657
0.0 0.07422782480716705
0.0 0.0742502510547638
0.0 0.07425752282142639
0.0 0.07429683953523636
0.0 0.0743049755692482
0.0 0.07432974129915237
0.0 0.07438178360462189
0.0 0.07439583539962769
0.0 0.07447509467601776
0.0 0.07449866086244583
0.0 0.0745098665356636
0.0 0.07451549917459488
0.0 0.07452113926410675
0.0 0.07453791052103043
0.0 0.07457318902015686
0.0 0.0745786800980568
0.0 0.07458994537591934
0.0 0.07460455596446991
0.0 0.07460455596446991
0.0 0.07460462301969528
0.0 0.07461146265268326
0.0 0.07461146265268326
0.0 0.07461394369602203
0.0 0.07461574673652649
0.0 0.07462258636951447
0.0 0.07463806122541428
0.0 0.07465212792158127
0.0 0.07466893643140793
0.0 0.07466893643140793
0.0 0.07467730343341827
0.0 0.07470160722732544
0.0 0.07470254600048065
0.0 0.0747351348400116
0.0 0.07473666965961456
0.0 0.07473666965961456
0.0 0.07475192099809647
0.0 0.0747574046254158
0.0 0.07477452605962753
0.0 0.07478141784667969
0.0 0.07480842620134354
0.0 0.07481209933757782
0.0 0.0748177096247673
0.0 0.07483161240816116
0.0 0.07484003156423569
0.0 0.07484343647956848
0.0 0.07486020028591156
0.0 0.07486414164304733
0.0 0.07494844496250153
0.0 0.07495778799057007
0.0 0.07497226446866989
0.0 0.07498186081647873
0.0 0.07498899847269058
0.0 0.07499853521585464
0.0 0.07501133531332016
0.0 0.07507163286209106
0.0 0.07510099560022354
0.0 0.07510100305080414
0.0 0.07512050122022629
0.0 0.07514280080795288
0.0 0.07517233490943909
0.0 0.07518351078033447
0.0 0.07521682232618332
0.0 0.07523337006568909
0.0 0.07523337006568909
0.0 0.07524433732032776
0.0 0.07525888830423355
0.0 0.07530776411294937
0.0 0.07531892508268356
0.0 0.07535489648580551
0.0 0.07537274062633514
0.0 0.07537280768156052
0.0 0.07537433505058289
0.0 0.07538540661334991
0.0 0.07538540661334991
0.0 0.0753956213593483
0.0 0.07546747475862503
0.0 0.07552357017993927
0.0 0.07554012537002563
0.0 0.07554561644792557
0.0 0.07555819302797318
0.0 0.0756622776389122
0.0 0.07568982988595963
0.0 0.07569967210292816
0.0 0.07570251077413559
0.0 0.07572450488805771
0.0 0.07572846114635468
0.0 0.07574384659528732
0.0 0.0757555291056633
0.0 0.07576774060726166
0.0 0.07577202469110489
0.0 0.07578977197408676
0.0 0.07580633461475372
0.0 0.07583053410053253
0.0 0.07585044205188751
0.0 0.07585466653108597
0.0 0.07588504254817963
0.0 0.0759020447731018
0.0 0.07590757310390472
0.0 0.0759241059422493
0.0 0.0759434625506401
0.0 0.07599901407957077
0.0 0.07600013166666031
0.0 0.07605951279401779
0.0 0.07612042874097824
0.0 0.07613139599561691
0.0 0.0761435478925705
0.0 0.07615333050489426
0.0 0.07615451514720917
0.0 0.07617650181055069
0.0 0.07617808133363724
0.0 0.07621541619300842
0.0 0.07623188197612762
0.0 0.0762428343296051
0.0 0.07627575099468231
0.0 0.07628826797008514
0.0 0.07630380243062973
0.0 0.07632561773061752
0.0 0.07634028792381287
0.0 0.07637493312358856
0.0 0.0763791874051094
0.0 0.07638029754161835
0.0 0.07638036459684372
0.0 0.07638461887836456
0.0 0.07638553529977798
0.0 0.07645848393440247
0.0 0.07646842300891876
0.0 0.0764726772904396
0.0 0.0764739140868187
0.0 0.0764739140868187
0.0 0.07647392153739929
0.0 0.07647934556007385
0.0 0.07647934556007385
0.0 0.07648908346891403
0.0 0.07649026066064835
0.0 0.07649450749158859
0.0 0.07650548964738846
0.0 0.0765230655670166
0.0 0.07654371112585068
0.0 0.07660972326993942
0.0 0.07662062346935272
0.0 0.07662343233823776
0.0 0.07663824409246445
0.0 0.07666974514722824
0.0 0.07668780535459518
0.0 0.07668787240982056
0.0 0.07670417428016663
0.0 0.07671511918306351
0.0 0.07673682272434235
0.0 0.07674776762723923
0.0 0.07676438242197037
0.0 0.07676476985216141
0.0 0.07678528130054474
0.0 0.07681458443403244
0.0 0.07682453840970993
0.0 0.07683690637350082
0.0 0.07686956226825714
0.0 0.07688042521476746
0.0 0.07688439637422562
0.0 0.07689186930656433
0.0 0.07689467072486877
0.0 0.07692054659128189
0.0 0.07696161419153214
0.0 0.07696252316236496
0.0 0.0769868791103363
0.0 0.07700863480567932
0.0 0.0770411565899849
0.0 0.07706347852945328
0.0 0.07709772884845734
0.0 0.07710298150777817
0.0 0.07710473239421844
0.0 0.07711219042539597
0.0 0.07718834280967712
0.0 0.07721754908561707
0.0 0.07723522186279297
0.0 0.07723794132471085
0.0 0.07727696746587753
0.0 0.07728388905525208
0.0 0.07728777080774307
0.0 0.0772893950343132
0.0 0.07731357961893082
0.0 0.07731694728136063
0.0 0.07732981443405151
0.0 0.07733795791864395
0.0 0.07738391309976578
0.0 0.07738559693098068
0.0 0.07739108800888062
0.0 0.07740717381238937
0.0 0.07740781456232071
0.0 0.07741143554449081
0.0 0.07744378596544266
0.0 0.07744378596544266
0.0 0.07745101302862167
0.0 0.07747676968574524
0.0 0.07747683674097061
0.0 0.07747683674097061
0.0 0.07750909775495529
0.0 0.07751451432704926
0.0 0.07752528786659241
0.0 0.07754147052764893
0.0 0.07755765318870544
0.0 0.07758086174726486
0.0 0.07761327177286148
0.0 0.07761687785387039
0.0 0.07762280851602554
0.0 0.07762551307678223
0.0 0.07764013111591339
0.0 0.07766318321228027
0.0 0.07768925279378891
0.0 0.07771074771881104
0.0 0.07771602272987366
0.0 0.0777268260717392
0.0 0.07773756980895996
0.0 0.07774291187524796
0.0 0.07776381075382233
0.0 0.07779132574796677
0.0 0.07779132574796677
0.0 0.07779717445373535
0.0 0.07780083268880844
0.0 0.07782293856143951
0.0 0.07783476263284683
0.0 0.07786321640014648
0.0 0.07788735628128052
0.0 0.07790520042181015
0.0 0.07793298363685608
0.0 0.07794799655675888
0.0 0.07795331627130508
0.0 0.07795332372188568
0.0 0.07796294242143631
0.0 0.07797371596097946
0.0 0.07797896862030029
0.0 0.07798025757074356
0.0 0.07798705250024796
0.0 0.07804062962532043
0.0 0.07804504781961441
0.0 0.07805459946393967
0.0 0.07805997878313065
0.0 0.07808399200439453
0.0 0.07808668166399002
0.0 0.07809321582317352
0.0 0.07809321582317352
0.0 0.07809852808713913
0.0 0.07810544222593307
0.0 0.0781106948852539
0.0 0.07812003791332245
0.0 0.0781220868229866
0.0 0.078131303191185
0.0 0.0781402587890625
0.0 0.078148253262043
0.0 0.078148253262043
0.0 0.07815094292163849
0.0 0.07816328853368759
0.0 0.07816335558891296
0.0 0.07816431671380997
0.0 0.07816489040851593
0.0 0.07817282527685165
0.0 0.07817819714546204
0.0 0.07818887382745743
0.0 0.07819533348083496
0.0 0.07822359353303909
0.0 0.07823336869478226
0.0 0.07823573052883148
0.0 0.07823873311281204
0.0 0.07824410498142242
0.0 0.07824946939945221
0.0 0.07827617973089218
0.0 0.07829207926988602
0.0 0.07834021747112274
0.0 0.07834551483392715
0.0 0.07837799191474915
0.0 0.07837805896997452
0.0 0.07839400321245193
0.0 0.07839547097682953
0.0 0.07840351015329361
0.0 0.0784221887588501
0.0 0.07843277603387833
0.0 0.0784473717212677
0.0 0.07846387475728989
0.0 0.07846923172473907
0.0 0.07847980409860611
0.0 0.0784861147403717
0.0 0.078488789498806
0.0 0.07851172238588333
0.0 0.0785117819905281
0.0 0.07851592451334
0.0 0.07852661609649658
0.0 0.07856106013059616
0.0 0.07857085764408112
0.0 0.078575000166893
0.0 0.07864940911531448
0.0 0.07865062355995178
0.0 0.0786627009510994
0.0 0.07867598533630371
0.0 0.07872705906629562
0.0 0.07873614132404327
0.0 0.07874026894569397
0.0 0.0787482038140297
0.0 0.0787738561630249
0.0 0.07877855002880096
0.0 0.07878439128398895
0.0 0.07880570739507675
0.0 0.07881452888250351
0.0 0.07882658392190933
0.0 0.07882658392190933
0.0 0.07884275168180466
0.0 0.07885220646858215
0.0 0.07889454811811447
0.0 0.0789051353931427
0.0 0.07891368865966797
0.0 0.07895448058843613
0.0 0.0789598599076271
0.0 0.0789639800786972
0.0 0.07898246496915817
0.0 0.07901328802108765
0.0 0.07904498279094696
0.0 0.07905567437410355
0.0 0.07906060665845871
0.0 0.07907142490148544
0.0 0.0790926069021225
0.0 0.07909930497407913
0.0 0.07910202443599701
0.0 0.07910309731960297
0.0 0.07910840958356857
0.0 0.07910840958356857
0.0 0.07912047952413559
0.0 0.07913046330213547
0.0 0.0791870579123497
0.0 0.07922392338514328
0.0 0.07922922074794769
0.0 0.07925206422805786
0.0 0.0792679637670517
0.0 0.0792679637670517
0.0 0.07927320152521133
0.0 0.07927988469600677
0.0 0.0793088898062706
0.0 0.07931733876466751
0.0 0.07934582233428955
0.0 0.07934702187776566
0.0 0.07935105264186859
0.0 0.07935105264186859
0.0 0.07935281842947006
0.0 0.07936158031225204
0.0 0.079373799264431
0.0 0.07941045612096786
0.0 0.07942260056734085
0.0 0.07942260056734085
0.0 0.07942789047956467
0.0 0.07943053543567657
0.0 0.07943173497915268
0.0 0.07943632453680038
0.0 0.07950584590435028
0.0 0.0795111283659935
0.0 0.07951779663562775
0.0 0.07953734695911407
0.0 0.07954671233892441
0.0 0.07958348095417023
0.0 0.0795908272266388
0.0 0.07960615307092667
0.0 0.07962191849946976
0.0 0.07962606102228165
0.0 0.0796312764286995
0.0 0.07967452704906464
0.0 0.07969159632921219
0.0 0.0796942263841629
0.0 0.0797116681933403
0.0 0.07972734421491623
0.0 0.07974985986948013
0.0 0.0797734260559082
0.0 0.07977606356143951
0.0 0.0797891616821289
0.0 0.07980219274759293
0.0 0.07980219274759293
0.0 0.07980651408433914
0.0 0.07980664074420929
0.0 0.07982894033193588
0.0 0.07983946055173874
0.0 0.07985367625951767
0.0 0.07985398918390274
0.0 0.07991695404052734
0.0 0.07992052286863327
0.0 0.07994454354047775
0.0 0.07994841784238815
0.0 0.07996286451816559
0.0 0.07999543845653534
0.0 0.08000724762678146
0.0 0.08002205938100815
0.0 0.08003336936235428
0.0 0.08004292845726013
0.0 0.08005216717720032
0.0 0.08005335927009583
0.0 0.08007428050041199
0.0 0.08008039742708206
0.0 0.08008477091789246
0.0 0.08010181039571762
0.0 0.0801096111536026
0.0 0.0801096111536026
0.0 0.08011654019355774
0.0 0.08013737946748734
0.0 0.08014094084501266
0.0 0.08017393201589584
0.0 0.08017393201589584
0.0 0.08017798513174057
0.0 0.08020511269569397
0.0 0.08021446317434311
0.0 0.08022137731313705
0.0 0.08022163063287735
0.0 0.0802430659532547
0.0 0.08025091886520386
0.0 0.08025671541690826
0.0 0.08025877177715302
0.0 0.08027228713035583
0.0 0.08030404895544052
0.0 0.08032683283090591
0.0 0.0803283229470253
0.0 0.0803416445851326
0.0 0.08036330342292786
0.0 0.08037170022726059
0.0 0.08037424832582474
0.0 0.08037804067134857
0.0 0.08037804812192917
0.0 0.08037897944450378
0.0 0.08041585981845856
0.0 0.08042356371879578
0.0 0.08042885363101959
0.0 0.08045271784067154
0.0 0.08045271784067154
0.0 0.08046688884496689
0.0 0.08047217130661011
0.0 0.08047732710838318
0.0 0.08048130571842194
0.0 0.08048397302627563
0.0 0.08049776405096054
0.0 0.08052297681570053
0.0 0.08052453398704529
0.0 0.0805332213640213
0.0 0.080543652176857
0.0 0.08055656403303146
0.0 0.08056183904409409
0.0 0.08056556433439255
0.0 0.08058306574821472
0.0 0.08060235530138016
0.0 0.08061420172452927
0.0 0.08061426877975464
0.0 0.08062834292650223
0.0 0.08063869923353195
0.0 0.0806599035859108
0.0 0.08066461235284805
0.0 0.0806858092546463
0.0 0.08069504052400589
0.0 0.0807012990117073
0.0 0.08070656657218933
0.0 0.08072347939014435
0.0 0.08073295652866364
0.0 0.0807427391409874
0.0 0.0807841569185257
0.0 0.08078984916210175
0.0 0.08080167323350906
0.0 0.08080637454986572
0.0 0.08081577718257904
0.0 0.08081980049610138
0.0 0.08082233369350433
0.0 0.08083643764257431
0.0 0.08086290955543518
0.0 0.08087916672229767
0.0 0.08088844269514084
0.0 0.08089523762464523
0.0 0.08089900761842728
0.0 0.08089900761842728
0.0 0.08093145489692688
0.0 0.08094949275255203
0.0 0.08096098154783249
0.0 0.08096498996019363
0.0 0.08097011595964432
0.0 0.08104289323091507
0.0 0.08106929063796997
0.0 0.08109956979751587
0.0 0.08113224059343338
0.0 0.08113735169172287
0.0 0.08115928620100021
0.0 0.08117376267910004
0.0 0.08119451999664307
0.0 0.08119457960128784
0.0 0.0812048614025116
0.0 0.08125121891498566
0.0 0.08127964287996292
0.0 0.08128081262111664
0.0 0.08130387216806412
0.0 0.08132360875606537
0.0 0.08132883906364441
0.0 0.08132883906364441
0.0 0.08134820312261581
0.0 0.08141092956066132
0.0 0.08141670376062393
0.0 0.08141670376062393
0.0 0.08142001926898956
0.0 0.0814303383231163
0.0 0.08143715560436249
0.0 0.08144231140613556
0.0 0.0814628154039383
0.0 0.08146803081035614
0.0 0.08146803081035614
0.0 0.08146931976079941
0.0 0.08147305995225906
0.0 0.08147705346345901
0.0 0.08149754256010056
0.0 0.08154023438692093
0.0 0.08158119022846222
0.0 0.08158639818429947
0.0 0.08158774673938751
0.0 0.08161850273609161
0.0 0.08161850273609161
0.0 0.0816420242190361
0.0 0.08167392760515213
0.0 0.08171621710062027
0.0 0.08173664659261703
0.0 0.08175120502710342
0.0 0.081776462495327
0.0 0.08180232346057892
0.0 0.08181814849376678
0.0 0.0818488821387291
0.0 0.08185389637947083
0.0 0.0818893164396286
0.0 0.08194571733474731
0.0 0.08197011798620224
0.0 0.08197011798620224
0.0 0.08202158659696579
0.0 0.08204200118780136
0.0 0.0820547416806221
0.0 0.08206856995820999
0.0 0.08208014070987701
0.0 0.08209963142871857
0.0 0.08209999650716782
0.0 0.08212563395500183
0.0 0.08213920891284943
0.0 0.0821412205696106
0.0 0.08214681595563889
0.0 0.08214688301086426
0.0 0.08215247839689255
0.0 0.08216605335474014
0.0 0.08216635137796402
0.0 0.08217140287160873
0.0 0.08217645436525345
0.0 0.08218248188495636
0.0 0.08221185952425003
0.0 0.08221611380577087
0.0 0.08221720904111862
0.0 0.08226943761110306
0.0 0.08227873593568802
0.0 0.08228371292352676
0.0 0.08231008052825928
0.0 0.08232320845127106
0.0 0.08232448250055313
0.0 0.08235374838113785
0.0 0.08240243047475815
0.0 0.08249279111623764
0.0 0.08250296860933304
0.0 0.08251950889825821
0.0 0.08252830058336258
0.0 0.08253726363182068
0.0 0.08253726363182068
0.0 0.0825379267334938
0.0 0.08253975212574005
0.0 0.08257384598255157
0.0 0.08259455114603043
0.0 0.08260466158390045
0.0 0.08261483162641525
0.0 0.08261985331773758
0.0 0.08261991292238235
0.0 0.08262547850608826
0.0 0.08264005929231644
0.0 0.08269625157117844
0.0 0.08275076746940613
0.0 0.08277717232704163
0.0 0.08278411626815796
0.0 0.08278767764568329
0.0 0.08281292021274567
0.0 0.08282795548439026
0.0 0.08283453434705734
0.0 0.08283960074186325
0.0 0.08285970240831375
0.0 0.08285970240831375
0.0 0.08286476880311966
0.0 0.08288377523422241
0.0 0.08290006220340729
0.0 0.08291778713464737
0.0 0.08292020112276077
0.0 0.08293334394693375
0.0 0.08293449133634567
0.0 0.08295854181051254
0.0 0.08296523243188858
0.0 0.08296860754489899
0.0 0.08298113942146301
0.0 0.08298680931329727
0.0 0.0830012634396553
0.0 0.08300397545099258
0.0 0.08301698416471481
0.0 0.08305221050977707
0.0 0.08305474370718002
0.0 0.08306485414505005
0.0 0.08307105302810669
0.0 0.08307484537363052
0.0 0.08309999853372574
0.0 0.08310312777757645
0.0 0.08310674130916595
0.0 0.08313765376806259
0.0 0.08316224813461304
0.0 0.08316753804683685
0.0 0.08318094909191132
0.0 0.08318600058555603
0.0 0.08319098502397537
0.0 0.0831926092505455
0.0 0.08322109282016754
0.0 0.08324283361434937
0.0 0.08324283361434937
0.0 0.08324283361434937
0.0 0.08326295763254166
0.0 0.08327184617519379
0.0 0.08327791094779968
0.0 0.08327791094779968
0.0 0.08328301459550858
0.0 0.08330444246530533
0.0 0.08332706987857819
0.0 0.08333708345890045
0.0 0.08335016667842865
0.0 0.08337877690792084
0.0 0.08340521156787872
0.0 0.08341528475284576
0.0 0.08342943340539932
0.0 0.08344531059265137
0.0 0.08345094323158264
0.0 0.08345460146665573
0.0 0.0834745466709137
0.0 0.08347951620817184
0.0 0.08348508924245834
0.0 0.08348838239908218
0.0 0.0835389718413353
0.0 0.08354094624519348
0.0 0.08354148268699646
0.0 0.08356016129255295
0.0 0.0836336687207222
0.0 0.08364155888557434
0.0 0.0836564376950264
0.0 0.0836605653166771
0.0 0.08366701751947403
0.0 0.08369563519954681
0.0 0.08371248096227646
0.0 0.08372186124324799
0.0 0.08373440057039261
0.0 0.08380220830440521
0.0 0.08381778001785278
0.0 0.08384133875370026
0.0 0.08385761827230453
0.0 0.0838761031627655
0.0 0.08387628197669983
0.0 0.0838974341750145
0.0 0.08390000462532043
0.0 0.08390244096517563
0.0 0.0839061364531517
0.0 0.08392097800970078
0.0 0.08399750292301178
0.0 0.0840100571513176
0.0 0.08402987569570541
0.0 0.08405474573373795
0.0 0.08406134694814682
0.0 0.08407627791166306
0.0 0.08407710492610931
0.0 0.08407711237668991
0.0 0.0840912014245987
0.0 0.08410006016492844
0.0 0.08410600572824478
0.0 0.08413144201040268
0.0 0.08413287252187729
0.0 0.08413976430892944
0.0 0.08414439857006073
0.0 0.08417618274688721
0.0 0.08417844027280807
0.0 0.08417945355176926
0.0 0.0841810554265976
0.0 0.08419109135866165
0.0 0.08419239521026611
0.0 0.0842008888721466
0.0 0.08420486748218536
0.0 0.0842147246003151
0.0 0.0842147246003151
0.0 0.08421965688467026
0.0 0.08423455059528351
0.0 0.08426600694656372
0.0 0.08432680368423462
0.0 0.08435158431529999
0.0 0.08439425379037857
0.0 0.0844348892569542
0.0 0.08444181084632874
0.0 0.0844646692276001
0.0 0.08446519821882248
0.0 0.08447840064764023
0.0 0.08447999507188797
0.0 0.08451355248689651
0.0 0.08454034477472305
0.0 0.08454809337854385
0.0 0.08458433300256729
0.0 0.0845857560634613
0.0 0.08461891114711761
0.0 0.08465973287820816
0.0 0.08466221392154694
0.0 0.08466469496488571
0.0 0.08467815816402435
0.0 0.08470962196588516
0.0 0.08470962196588516
0.0 0.08473246544599533
0.0 0.08477286994457245
0.0 0.0847778245806694
0.0 0.08478277921676636
0.0 0.08478602766990662
0.0 0.08478690683841705
0.0 0.08479262888431549
0.0 0.08479398488998413
0.0 0.08481243997812271
0.0 0.08484827727079391
0.0 0.0848516970872879
0.0 0.084862120449543
0.0 0.08488674461841583
0.0 0.08491631597280502
0.0 0.08494080603122711
0.0 0.08494462817907333
0.0 0.0849643424153328
0.0 0.08498899638652802
0.0 0.08501029759645462
0.0 0.08501511812210083
0.0 0.08502011746168137
0.0 0.08502011746168137
0.0 0.0850348174571991
0.0 0.08504416793584824
0.0 0.08505497872829437
0.0 0.08507002890110016
0.0 0.08507543802261353
0.0 0.08507955074310303
0.0 0.08510851860046387
0.0 0.08511891961097717
0.0 0.08512754738330841
0.0 0.08513841778039932
0.0 0.08514241129159927
0.0 0.08514387905597687
0.0 0.08516301959753036
0.0 0.08517423272132874
0.0 0.08519377559423447
0.0 0.08519788831472397
0.0 0.0852041095495224
0.0 0.08520739525556564
0.0 0.08521261811256409
0.0 0.0852457657456398
0.0 0.08525808155536652
0.0 0.085271917283535
0.0 0.08528123795986176
0.0 0.0852849930524826
0.0 0.08532091975212097
0.0 0.08532584458589554
0.0 0.08533457666635513
0.0 0.08536011725664139
0.0 0.08537118881940842
0.0 0.08539572358131409
0.0 0.08540468662977219
0.0 0.08542423695325851
0.0 0.08544863760471344
0.0 0.08544875681400299
0.0 0.08544998615980148
0.0 0.08548292517662048
0.0 0.08548292517662048
0.0 0.08548830449581146
0.0 0.08551251143217087
0.0 0.08551274985074997
0.0 0.08551725000143051
0.0 0.08552245050668716
0.0 0.08554337918758392
0.0 0.08554583787918091
0.0 0.08561792969703674
0.0 0.08563048392534256
0.0 0.08565617352724075
0.0 0.08569037169218063
0.0 0.08571289479732513
0.0 0.08571469783782959
0.0 0.08573342114686966
0.0 0.08575290441513062
0.0 0.0857674777507782
0.0 0.0857737734913826
0.0 0.08582650870084763
0.0 0.08584725111722946
0.0 0.08585074543952942
0.0 0.08585085719823837
0.0 0.08585207909345627
0.0 0.08587612956762314
0.0 0.08588620275259018
0.0 0.08588870614767075
0.0 0.08589592576026917
0.0 0.08591461181640625
0.0 0.0859207808971405
0.0 0.08592921495437622
0.0 0.08593893051147461
0.0 0.08596696704626083
0.0 0.08596807718276978
0.0 0.08604289591312408
0.0 0.08607734739780426
0.0 0.08609145879745483
0.0 0.08612287789583206
0.0 0.08612450212240219
0.0 0.08612450212240219
0.0 0.08614388853311539
0.0 0.08618323504924774
0.0 0.0861889198422432
0.0 0.0861889198422432
0.0 0.08620110154151917
0.0 0.08620591461658478
0.0 0.08620637655258179
0.0 0.08621177077293396
0.0 0.0862179771065712
0.0 0.08623647689819336
0.0 0.08624140173196793
0.0 0.08624754846096039
0.0 0.08628493547439575
0.0 0.08628986030817032
0.0 0.08630486577749252
0.0 0.086369089782238
0.0 0.08637268096208572
0.0 0.08638229221105576
0.0 0.08638229221105576
0.0 0.08638767153024673
0.0 0.08639577776193619
0.0 0.08639687299728394
0.0 0.08640167862176895
0.0 0.08640700578689575
0.0 0.08641023933887482
0.0 0.08643604815006256
0.0 0.08646022528409958
0.0 0.08649780601263046
0.0 0.08650028705596924
0.0 0.08653797209262848
0.0 0.08654767274856567
0.0 0.08659105002880096
0.0 0.08660560101270676
0.0 0.08660560101270676
0.0 0.08662384003400803
0.0 0.0866253450512886
0.0 0.08665800839662552
0.0 0.08667265623807907
0.0 0.08668465912342072
0.0 0.08671349287033081
0.0 0.0867270976305008
0.0 0.08675932139158249
0.0 0.08675932139158249
0.0 0.08688653260469437
0.0 0.08694837242364883
0.0 0.08696286380290985
0.0 0.08696286380290985
0.0 0.0869687870144844
0.0 0.08698936551809311
0.0 0.08699270337820053
0.0 0.08700615167617798
0.0 0.08702206611633301
0.0 0.08703488111495972
0.0 0.08707542717456818
0.0 0.0870930552482605
0.0 0.08709460496902466
0.0 0.08709460496902466
0.0 0.08711808174848557
0.0 0.08713380247354507
0.0 0.08715302497148514
0.0 0.0871623232960701
0.0 0.08717665821313858
0.0 0.08720613270998001
0.0 0.08721049129962921
0.0 0.08721978217363358
0.0 0.08725336939096451
0.0 0.08727239072322845
0.0 0.08732559531927109
0.0 0.08734122663736343
0.0 0.08734837919473648
0.0 0.08734952658414841
0.0 0.08735908567905426
0.0 0.08738483488559723
0.0 0.08739633858203888
0.0 0.08739633858203888
0.0 0.08742659538984299
0.0 0.08749473839998245
0.0 0.08749783039093018
0.0 0.08751148730516434
0.0 0.08751913905143738
0.0 0.0875321626663208
0.0 0.08756683021783829
0.0 0.08757990598678589
0.0 0.08759789168834686
0.0 0.08763755112886429
0.0 0.08765044063329697
0.0 0.08765797317028046
0.0 0.0877104327082634
0.0 0.08772382885217667
0.0 0.08773351460695267
0.0 0.08775858581066132
0.0 0.0877668485045433
0.0 0.0878053531050682
0.0 0.08781013637781143
0.0 0.0878109335899353
0.0 0.08783239871263504
0.0 0.08783604204654694
0.0 0.08785180747509003
0.0 0.08785180747509003
0.0 0.08785897493362427
0.0 0.08786717057228088
0.0 0.08789152652025223
0.0 0.08790574222803116
0.0 0.08790648728609085
0.0 0.08795328438282013
0.0 0.08796271681785583
0.0 0.08797232806682587
0.0 0.08798079192638397
0.0 0.0879959687590599
0.0 0.0879959687590599
0.0 0.08801505714654922
0.0 0.08808808028697968
0.0 0.08815015852451324
0.0 0.08815015852451324
0.0 0.08817261457443237
0.0 0.08818106353282928
0.0 0.08818332850933075
0.0 0.08821524679660797
0.0 0.08821649849414825
0.0 0.08821995556354523
0.0 0.08821995556354523
0.0 0.0882260724902153
0.0 0.08822839707136154
0.0 0.08826154470443726
0.0 0.08829043060541153
0.0 0.08834873884916306
0.0 0.08837714791297913
0.0 0.08844806253910065
0.0 0.08845800906419754
0.0 0.08845800906419754
0.0 0.08847220242023468
0.0 0.08848287910223007
0.0 0.0884915217757225
0.0 0.08851129561662674
0.0 0.08858775347471237
0.0 0.08861794322729111
0.0 0.08867181092500687
0.0 0.08868077397346497
0.0 0.08874238282442093
0.0 0.08878147602081299
0.0 0.08881305903196335
0.0 0.08881824463605881
0.0 0.08881829679012299
0.0 0.08882375806570053
0.0 0.0888618603348732
0.0 0.08886900544166565
0.0 0.08888357877731323
0.0 0.08889870345592499
0.0 0.08890803903341293
0.0 0.08890804648399353
0.0 0.0889243483543396
0.0 0.0889371708035469
0.0 0.08896448463201523
0.0 0.08896971493959427
0.0 0.08899162709712982
0.0 0.08904369920492172
0.0 0.08905554562807083
0.0 0.08905790001153946
0.0 0.08910112082958221
0.0 0.08910291641950607
0.0 0.08910707384347916
0.0 0.08912502229213715
0.0 0.08917191624641418
0.0 0.08922062814235687
0.0 0.0892370417714119
0.0 0.08925682306289673
0.0 0.08927681297063828
0.0 0.08928152173757553
0.0 0.08930397778749466
0.0 0.08930408954620361
0.0 0.08930761367082596
0.0 0.0893545150756836
0.0 0.08935675770044327
0.0 0.08935675770044327
0.0 0.08935916423797607
0.0 0.08937544375658035
0.0 0.08939289301633835
0.0 0.0894164964556694
0.0 0.08942097425460815
0.0 0.08942611515522003
0.0 0.08943209797143936
0.0 0.08943209797143936
0.0 0.08944378048181534
0.0 0.08948346227407455
0.0 0.08956204354763031
0.0 0.0896044671535492
0.0 0.08963252604007721
0.0 0.08964206278324127
0.0 0.08968372642993927
0.0 0.08968845754861832
0.0 0.08969202637672424
0.0 0.08969671279191971
0.0 0.0897083580493927
0.0 0.08971220999956131
0.0 0.08972468972206116
0.0 0.08973082154989243
0.0 0.08973544090986252
0.0 0.08974017947912216
0.0 0.08974330127239227
0.0 0.0898011103272438
0.0 0.08980195224285126
0.0 0.08981040865182877
0.0 0.08981692790985107
0.0 0.08986756950616837
0.0 0.089881531894207
0.0 0.08992146700620651
0.0 0.08994581550359726
0.0 0.08997877687215805
0.0 0.08997882902622223
0.0 0.08998338878154755
0.0 0.09003005176782608
0.0 0.09003915637731552
0.0 0.09008601307868958
0.0 0.0900920107960701
0.0 0.0900951698422432
0.0 0.09009528160095215
0.0 0.09014210850000381
0.0 0.09016534686088562
0.0 0.0901741087436676
0.0 0.0901838093996048
0.0 0.09020327031612396
0.0 0.09020593017339706
0.0 0.09020709246397018
0.0 0.09023020416498184
0.0 0.09023480862379074
0.0 0.09026261419057846
0.0 0.09027236700057983
0.0 0.09027785062789917
0.0 0.09029080718755722
0.0 0.09029905498027802
0.0 0.09029988944530487
0.0 0.09031754732131958
0.0 0.09033376723527908
0.0 0.09034223854541779
0.0 0.09034301340579987
0.0 0.09034301340579987
0.0 0.09036049991846085
0.0 0.0903792530298233
0.0 0.09041133522987366
0.0 0.09041288495063782
0.0 0.09042549133300781
0.0 0.09043605625629425
0.0 0.09046651422977448
0.0 0.09047535806894302
0.0 0.09048596769571304
0.0 0.09051226824522018
0.0 0.09051381051540375
0.0 0.09052298218011856
0.0 0.09053728729486465
0.0 0.0905478298664093
0.0 0.09055578708648682
0.0 0.09056451171636581
0.0 0.09057019650936127
0.0 0.09057019650936127
0.0 0.09060187637805939
0.0 0.09060247987508774
0.0 0.09064800292253494
0.0 0.09064849466085434
0.0 0.09068996459245682
0.0 0.09071427583694458
0.0 0.0907779186964035
0.0 0.0907779186964035
0.0 0.09078264981508255
0.0 0.09083221107721329
0.0 0.09084134548902512
0.0 0.09086577594280243
0.0 0.09087051451206207
0.0 0.09087508171796799
0.0 0.09088316559791565
0.0 0.0909108892083168
0.0 0.09091996401548386
0.0 0.09100999683141708
0.0 0.09102307260036469
0.0 0.09108731895685196
0.0 0.09109654277563095
0.0 0.09115662425756454
0.0 0.09115662425756454
0.0 0.09115662425756454
0.0 0.09122428297996521
0.0 0.09125185012817383
0.0 0.09131456911563873
0.0 0.09132091701030731
0.0 0.0913311019539833
0.0 0.0913543626666069
0.0 0.09135452657938004
0.0 0.09136711806058884
0.0 0.09137281030416489
0.0 0.09137281030416489
0.0 0.0914037749171257
0.0 0.09141898155212402
0.0 0.0914197489619255
0.0 0.0914202407002449
0.0 0.09142029285430908
0.0 0.09142029285430908
0.0 0.0914371907711029
0.0 0.09144183993339539
0.0 0.0914568230509758
0.0 0.0914681926369667
0.0 0.09150245785713196
0.0 0.09150245785713196
0.0 0.09151950478553772
0.0 0.09153365343809128
0.0 0.0915381908416748
0.0 0.0915527194738388
0.0 0.09156609326601028
0.0 0.09156615287065506
0.0 0.09160567820072174
0.0 0.0916791707277298
0.0 0.09168516844511032
0.0 0.09168827533721924
0.0 0.09175243973731995
0.0 0.09175347536802292
0.0 0.09176769852638245
0.0 0.09177069365978241
0.0 0.09177679568529129
0.0 0.09178589284420013
0.0 0.09178589284420013
0.0 0.09182222187519073
0.0 0.09183038771152496
0.0 0.09187126904726028
0.0 0.09187235683202744
0.0 0.09187807142734528
0.0 0.09188726544380188
0.0 0.09191828221082687
0.0 0.09192638099193573
0.0 0.09196722507476807
0.0 0.091981902718544
0.0 0.09200461953878403
0.0 0.09200815111398697
0.0 0.09201418608427048
0.0 0.09201418608427048
0.0 0.09202864021062851
0.0 0.09204503893852234
0.0 0.09204503893852234
0.0 0.09204504638910294
0.0 0.09206769615411758
0.0 0.09207377582788467
0.0 0.09207681566476822
0.0 0.09212936460971832
0.0 0.09215210378170013
0.0 0.09218297153711319
0.0 0.09219658374786377
0.0 0.09219658374786377
0.0 0.09219663590192795
0.0 0.09220916777849197
0.0 0.09221838414669037
0.0 0.0922454372048378
0.0 0.09225237369537354
0.0 0.09226050227880478
0.0 0.0922614261507988
0.0 0.09230557829141617
0.0 0.09231846779584885
0.0 0.09236487746238708
0.0 0.09238278865814209
0.0 0.09240584075450897
0.0 0.09243419021368027
0.0 0.09244777262210846
0.0 0.09247415512800217
0.0 0.09251026809215546
0.0 0.09251383692026138
0.0 0.09261134266853333
0.0 0.092620350420475
0.0 0.09262257069349289
0.0 0.09262413531541824
0.0 0.09262942522764206
0.0 0.09265198558568954
0.0 0.09266876429319382
0.0 0.09270528703927994
0.0 0.09272453933954239
0.0 0.0927673950791359
0.0 0.09276885539293289
0.0 0.09279558062553406
0.0 0.09279584884643555
0.0 0.09280123561620712
0.0 0.09282462298870087
0.0 0.09282736480236053
0.0 0.0928398072719574
0.0 0.092860646545887
0.0 0.09287184476852417
0.0 0.09289208799600601
0.0 0.09289655834436417
0.0 0.09291382879018784
0.0 0.09293029457330704
0.0 0.0929325595498085
0.0 0.09303687512874603
0.0 0.09308050572872162
0.0 0.09308050572872162
0.0 0.09309747815132141
0.0 0.09310794621706009
0.0 0.09312711656093597
0.0 0.09314917773008347
0.0 0.09315181523561478
0.0 0.09315728396177292
0.0 0.09315728396177292
0.0 0.09316748380661011
0.0 0.09319672733545303
0.0 0.09320118278265
0.0 0.09321904182434082
0.0 0.09321904182434082
0.0 0.09323357790708542
0.0 0.09330616146326065
0.0 0.09331510961055756
0.0 0.09340187162160873
0.0 0.09346576780080795
0.0 0.09347566217184067
0.0 0.09348684549331665
0.0 0.09349583089351654
0.0 0.09352625161409378
0.0 0.0935307964682579
0.0 0.09354421496391296
0.0 0.09357590228319168
0.0 0.09359374642372131
0.0 0.09359903633594513
0.0 0.09362947940826416
0.0 0.09364736825227737
0.0 0.09365185350179672
0.0 0.0936642438173294
0.0 0.09368756413459778
0.0 0.09372320771217346
0.0 0.09373265504837036
0.0 0.09374268352985382
0.0 0.09376822412014008
0.0 0.09379179030656815
0.0 0.0938083678483963
0.0 0.09381220489740372
0.0 0.0938311219215393
0.0 0.09384173154830933
0.0 0.09384785592556
0.0 0.09384785592556
0.0 0.09385009109973907
0.0 0.0938938781619072
0.0 0.09389957040548325
0.0 0.09394269436597824
0.0 0.0939432829618454
0.0 0.09394775331020355
0.0 0.0939507856965065
0.0 0.09396547079086304
0.0 0.09397568553686142
0.0 0.09404110908508301
0.0 0.09404158592224121
0.0 0.09405126422643661
0.0 0.09406455606222153
0.0 0.09411705285310745
0.0 0.09412146359682083
0.0 0.09413830190896988
0.0 0.09415747225284576
0.0 0.09417924284934998
0.0 0.0942346528172493
0.0 0.09429098665714264
0.0 0.09430328756570816
0.0 0.09431664645671844
0.0 0.09442780166864395
0.0 0.09457129240036011
0.0 0.09457166492938995
0.0 0.0945812314748764
0.0 0.0945812314748764
0.0 0.09461141377687454
0.0 0.0946369394659996
0.0 0.09465236216783524
0.0 0.09466493874788284
0.0 0.09468115121126175
0.0 0.09472306817770004
0.0 0.09472306817770004
0.0 0.09476640075445175
0.0 0.09476687014102936
0.0 0.09477251768112183
0.0 0.09479282796382904
0.0 0.09480500966310501
0.0 0.09484666585922241
0.0 0.09491264075040817
0.0 0.09492713212966919
0.0 0.09493450075387955
0.0 0.09500731527805328
0.0 0.09506276994943619
0.0 0.09511592984199524
0.0 0.09515156596899033
0.0 0.0951528251171112
0.0 0.09521302580833435
0.0 0.09525733441114426
0.0 0.09531783312559128
0.0 0.0953674465417862
0.0 0.09547298401594162
0.0 0.095499686896801
0.0 0.09549979120492935
0.0 0.09552889317274094
0.0 0.09552889317274094
0.0 0.09555569291114807
0.0 0.09555789083242416
0.0 0.09561025351285934
0.0 0.09563916176557541
0.0 0.09566091001033783
0.0 0.09567554295063019
0.0 0.0956832766532898
0.0 0.09571342915296555
0.0 0.09571348130702972
0.0 0.09571781754493713
0.0 0.09578632563352585
0.0 0.09579243510961533
0.0 0.09580688923597336
0.0 0.09580986201763153
0.0 0.09585390239953995
0.0 0.09588978439569473
0.0 0.09589316695928574
0.0 0.09594587236642838
0.0 0.09600468724966049
0.0 0.09601254761219025
0.0 0.09605732560157776
0.0 0.09607481211423874
0.0 0.0960826724767685
0.0 0.09608787298202515
0.0 0.0961131602525711
0.0 0.09614358842372894
0.0 0.09615081548690796
0.0 0.09615997225046158
0.0 0.09616049379110336
0.0 0.0961870551109314
0.0 0.09621258080005646
0.0 0.09621839970350266
0.0 0.09622125327587128
0.0 0.09626203775405884
0.0 0.09634324163198471
0.0 0.09635289758443832
0.0 0.09637504816055298
0.0 0.0963880717754364
0.0 0.09641021490097046
0.0 0.0964195504784584
0.0 0.09643039107322693
0.0 0.09644439071416855
0.0 0.09648502618074417
0.0 0.09648554027080536
0.0 0.09649253636598587
0.0 0.09651756286621094
0.0 0.09651849418878555
0.0 0.09653191268444061
0.0 0.09654568880796432
0.0 0.09654615819454193
0.0 0.09656774997711182
0.0 0.09658866375684738
0.0 0.09664010256528854
0.0 0.09666767716407776
0.0 0.09672745317220688
0.0 0.0967588722705841
0.0 0.0967588722705841
0.0 0.0967588722705841
0.0 0.09681115299463272
0.0 0.09683697670698166
0.0 0.09684018045663834
0.0 0.09685220569372177
0.0 0.09687275439500809
0.0 0.0968967005610466
0.0 0.09692259877920151
0.0 0.09696174412965775
0.0 0.09705173969268799
0.0 0.09710998833179474
0.0 0.09712208807468414
0.0 0.09716840833425522
0.0 0.09719943255186081
0.0 0.09722098708152771
0.0 0.09729444980621338
0.0 0.09730858355760574
0.0 0.09731926769018173
0.0 0.09733863919973373
0.0 0.09741128981113434
0.0 0.09751845896244049
0.0 0.09753722697496414
0.0 0.09754029661417007
0.0 0.09754844754934311
0.0 0.09760501980781555
0.0 0.09761864691972733
0.0 0.09764896333217621
0.0 0.09768633544445038
0.0 0.09772656112909317
0.0 0.09772957861423492
0.0 0.09775853157043457
0.0 0.09778941422700882
0.0 0.09780266135931015
0.0 0.09783384203910828
0.0 0.0978550985455513
0.0 0.09785729646682739
0.0 0.0978628620505333
0.0 0.09788120537996292
0.0 0.09788855910301208
0.0 0.09796014428138733
0.0 0.09796657413244247
0.0 0.0980033129453659
0.0 0.09805228561162949
0.0 0.09805534034967422
0.0 0.09809958934783936
0.0 0.0981711745262146
0.0 0.09826698154211044
0.0 0.09827069938182831
0.0 0.09828341752290726
0.0 0.09838099777698517
0.0 0.09840767085552216
0.0 0.09844089299440384
0.0 0.09855232387781143
0.0 0.09863188862800598
0.0 0.09865450114011765
0.0 0.09866645932197571
0.0 0.0987078994512558
0.0 0.098714180290699
0.0 0.0987972691655159
0.0 0.09882094711065292
0.0 0.09886490553617477
0.0 0.09893295913934708
0.0 0.09896812587976456
0.0 0.09896812587976456
0.0 0.0990355983376503
0.0 0.09906669706106186
0.0 0.09907315671443939
0.0 0.0990799143910408
0.0 0.09909883886575699
0.0 0.09909934550523758
0.0 0.09911210834980011
0.0 0.09917888045310974
0.0 0.09923134744167328
0.0 0.0992390513420105
0.0 0.09926480054855347
0.0 0.09934188425540924
0.0 0.09937067329883575
0.0 0.09939119964838028
0.0 0.09940844774246216
0.0 0.09941650182008743
0.0 0.09944319725036621
0.0 0.09944324940443039
0.0 0.09945094585418701
0.0 0.09946843981742859
0.0 0.09950979799032211
0.0 0.09958574175834656
0.0 0.09962254017591476
0.0 0.09963303059339523
0.0 0.09965239465236664
0.0 0.09971103072166443
0.0 0.09971108287572861
0.0 0.09972777962684631
0.0 0.09974176436662674
0.0 0.09974251687526703
0.0 0.09975344687700272
0.0 0.09979523718357086
0.0 0.09989414364099503
0.0 0.09994403272867203
0.0 0.10001084953546524
0.0 0.10006972402334213
0.0 0.10011903196573257
0.0 0.10015028715133667
0.0 0.10015283524990082
0.0 0.10015862435102463
0.0 0.10016581416130066
0.0 0.10033289343118668
0.0 0.10036303848028183
0.0 0.10036717355251312
0.0 0.10038794577121735
0.0 0.10046496987342834
0.0 0.10048776119947433
0.0 0.10059309005737305
0.0 0.10060203820466995
0.0 0.10065902769565582
0.0 0.10069220513105392
0.0 0.10071057826280594
0.0 0.10072219371795654
0.0 0.1007387712597847
0.0 0.10074164718389511
0.0 0.10079727321863174
0.0 0.10080565512180328
0.0 0.10083625465631485
0.0 0.10103470087051392
0.0 0.10107976943254471
0.0 0.10112185776233673
0.0 0.1011705994606018
0.0 0.10118290781974792
0.0 0.10127877444028854
0.0 0.10127877444028854
0.0 0.10137312114238739
0.0 0.10140290856361389
0.0 0.1014491468667984
0.0 0.10144954174757004
0.0 0.10149192065000534
0.0 0.101506307721138
0.0 0.10152891278266907
0.0 0.10160689055919647
0.0 0.10162332653999329
0.0 0.10168082267045975
0.0 0.10169680416584015
0.0 0.10169680416584015
0.0 0.10169773548841476
0.0 0.10171744972467422
0.0 0.10176428407430649
0.0 0.10177622735500336
0.0 0.10178723186254501
0.0 0.10187099874019623
0.0 0.10197063535451889
0.0 0.10198941081762314
0.0 0.10200754553079605
0.0 0.10204312950372696
0.0 0.10205087065696716
0.0 0.10205552726984024
0.0 0.10205591470003128
0.0 0.10207634419202805
0.0 0.10210049152374268
0.0 0.10212188959121704
0.0 0.10212541371583939
0.0 0.10213163495063782
0.0 0.10215502977371216
0.0 0.10218321532011032
0.0 0.10218366235494614
0.0 0.10222455859184265
0.0 0.1022939383983612
0.0 0.10240014642477036
0.0 0.10247121751308441
0.0 0.1024748757481575
0.0 0.10247892141342163
0.0 0.10253160446882248
0.0 0.10254564881324768
0.0 0.10255276411771774
0.0 0.10260117053985596
0.0 0.10270793735980988
0.0 0.10275256633758545
0.0 0.10275864601135254
0.0 0.10288804769515991
0.0 0.10289621353149414
0.0 0.10291360318660736
0.0 0.10292370617389679
0.0 0.10294945538043976
0.0 0.10302669554948807
0.0 0.10302669554948807
0.0 0.10306337475776672
0.0 0.10306866466999054
0.0 0.10308773070573807
0.0 0.10309737920761108
0.0 0.10310009866952896
0.0 0.10311653465032578
0.0 0.10311760008335114
0.0 0.10312463343143463
0.0 0.10314799845218658
0.0 0.10317771136760712
0.0 0.1034010648727417
0.0 0.10347791761159897
0.0 0.10349483042955399
0.0 0.10362958163022995
0.0 0.1036490723490715
0.0 0.10370945185422897
0.0 0.1038404032588005
0.0 0.10389658063650131
0.0 0.10390360653400421
0.0 0.10394287109375
0.0 0.10396749526262283
0.0 0.1040005311369896
0.0 0.10405628383159637
0.0 0.10407876968383789
0.0 0.10408928990364075
0.0 0.10410173237323761
0.0 0.10410173237323761
0.0 0.10413380712270737
0.0 0.10415305942296982
0.0 0.10416995733976364
0.0 0.10419716686010361
0.0 0.10425861924886703
0.0 0.10426370054483414
0.0 0.10430622845888138
0.0 0.10433829575777054
0.0 0.10435827821493149
0.0 0.10441474616527557
0.0 0.10444276034832001
0.0 0.1044771745800972
0.0 0.10448052734136581
0.0 0.10456490516662598
0.0 0.10465185344219208
0.0 0.1046767383813858
0.0 0.10475404560565948
0.0 0.1047733724117279
0.0 0.10484512150287628
0.0 0.1048455536365509
0.0 0.10486166924238205
0.0 0.10486415028572083
0.0 0.10487411171197891
0.0 0.10502632707357407
0.0 0.10512211918830872
0.0 0.10515721887350082
0.0 0.10523616522550583
0.0 0.10524504631757736
0.0 0.10536488890647888
0.0 0.10536488890647888
0.0 0.10539264976978302
0.0 0.10546126961708069
0.0 0.1054842621088028
0.0 0.10549218207597733
0.0 0.10550805926322937
0.0 0.10552430897951126
0.0 0.10558920353651047
0.0 0.10568699240684509
0.0 0.10574232786893845
0.0 0.1057431772351265
0.0 0.10576247423887253
0.0 0.1057940423488617
0.0 0.1057940423488617
0.0 0.10580340027809143
0.0 0.10586996376514435
0.0 0.10586996376514435
0.0 0.1058931052684784
0.0 0.1059931144118309
0.0 0.10605370998382568
0.0 0.10606441646814346
0.0 0.10610843449831009
0.0 0.10610843449831009
0.0 0.1061127707362175
0.0 0.10613246262073517
0.0 0.10614193230867386
0.0 0.10614193230867386
0.0 0.10633780807256699
0.0 0.10638730973005295
0.0 0.10639257729053497
0.0 0.10639257729053497
0.0 0.10641484707593918
0.0 0.10643293708562851
0.0 0.10652271658182144
0.0 0.10656218975782394
0.0 0.10662926733493805
0.0 0.10667234659194946
0.0 0.1067008450627327
0.0 0.10681863129138947
0.0 0.10682687163352966
0.0 0.1068771705031395
0.0 0.10688947886228561
0.0 0.10697869211435318
0.0 0.10697869211435318
0.0 0.10699434578418732
0.0 0.1070847362279892
0.0 0.1071094274520874
0.0 0.10712002217769623
0.0 0.10720965266227722
0.0 0.10723264515399933
0.0 0.10733671486377716
0.0 0.10746794939041138
0.0 0.10749209672212601
0.0 0.10753139108419418
0.0 0.10760520398616791
0.0 0.10760520398616791
0.0 0.1076207235455513
0.0 0.10773369669914246
0.0 0.10785123705863953
0.0 0.1078692227602005
0.0 0.10788331925868988
0.0 0.10800689458847046
0.0 0.10806983709335327
0.0 0.10806983709335327
0.0 0.10807178169488907
0.0 0.1081039309501648
0.0 0.10810647904872894
0.0 0.10817351937294006
0.0 0.10818003118038177
0.0 0.10830517113208771
0.0 0.10835884511470795
0.0 0.1083829328417778
0.0 0.10843712091445923
0.0 0.10843712836503983
0.0 0.10850253701210022
0.0 0.10854492336511612
0.0 0.10860083252191544
0.0 0.10873422026634216
0.0 0.10893984884023666
0.0 0.10896196961402893
0.0 0.109014131128788
0.0 0.10911310464143753
0.0 0.1092929095029831
0.0 0.10930050164461136
0.0 0.10940232872962952
0.0 0.1094202920794487
0.0 0.1094202920794487
0.0 0.10945410281419754
0.0 0.10947511345148087
0.0 0.10948465764522552
0.0 0.10958170145750046
0.0 0.10959744453430176
0.0 0.1096133217215538
0.0 0.10979585349559784
0.0 0.10979968309402466
0.0 0.1098102480173111
0.0 0.10982167720794678
0.0 0.10982254147529602
0.0 0.10990677773952484
0.0 0.1099766343832016
0.0 0.10999863594770432
0.0 0.11000395566225052
0.0 0.11000395566225052
0.0 0.11000663787126541
0.0 0.11001690477132797
0.0 0.11003663390874863
0.0 0.11010158807039261
0.0 0.11013196408748627
0.0 0.11033480614423752
0.0 0.1104518473148346
0.0 0.1104518473148346
0.0 0.11048542708158493
0.0 0.11060302704572678
0.0 0.11085869371891022
0.0 0.11091586947441101
0.0 0.11094138026237488
0.0 0.1110059916973114
0.0 0.11105210334062576
0.0 0.11105863004922867
0.0 0.11108415573835373
0.0 0.11116897314786911
0.0 0.11127034574747086
0.0 0.11145053058862686
0.0 0.11148546636104584
0.0 0.11160591244697571
0.0 0.11166476458311081
0.0 0.1117711067199707
0.0 0.11193632334470749
0.0 0.11193886399269104
0.0 0.11201424151659012
0.0 0.1120300367474556
0.0 0.11206769943237305
0.0 0.11206769943237305
0.0 0.11209478229284286
0.0 0.11210580170154572
0.0 0.11214548349380493
0.0 0.11222423613071442
0.0 0.11233846098184586
0.0 0.11241957545280457
0.0 0.1124381572008133
0.0 0.11248008906841278
0.0 0.11252399533987045
0.0 0.11283377557992935
0.0 0.11286961287260056
0.0 0.1129496768116951
0.0 0.11299805343151093
0.0 0.1130528673529625
0.0 0.11316801607608795
0.0 0.11318369954824448
0.0 0.11322610080242157
0.0 0.11331985890865326
0.0 0.11336366087198257
0.0 0.11337512731552124
0.0 0.11339766532182693
0.0 0.11360972374677658
0.0 0.11362345516681671
0.0 0.11363032460212708
0.0 0.11363547295331955
0.0 0.11367141455411911
0.0 0.1137307807803154
0.0 0.11375284940004349
0.0 0.11377086490392685
0.0 0.11383768916130066
0.0 0.1139627993106842
0.0 0.1142158955335617
0.0 0.11427602916955948
0.0 0.11428293585777283
0.0 0.11429531872272491
0.0 0.11474711447954178
0.0 0.11487967520952225
0.0 0.11497682332992554
0.0 0.11515919119119644
0.0 0.11538509279489517
0.0 0.11540468037128448
0.0 0.11546514928340912
0.0 0.11548138409852982
0.0 0.11562036722898483
0.0 0.11567895114421844
0.0 0.11574471741914749
0.0 0.11578726023435593
0.0 0.11580211669206619
0.0 0.11591000854969025
0.0 0.1159135028719902
0.0 0.11607097089290619
0.0 0.11611813306808472
0.0 0.11612476408481598
0.0 0.11619049310684204
0.0 0.11622073501348495
0.0 0.11641082167625427
0.0 0.11641975492238998
0.0 0.11649373173713684
0.0 0.11651463061571121
0.0 0.11653535813093185
0.0 0.11668302863836288
0.0 0.11668380349874496
0.0 0.11668380349874496
0.0 0.11676570773124695
0.0 0.11683406680822372
0.0 0.11698217689990997
0.0 0.11700008809566498
0.0 0.11715169996023178
0.0 0.11719035357236862
0.0 0.11732331663370132
0.0 0.11742406338453293
0.0 0.11745879799127579
0.0 0.11761143803596497
0.0 0.11768054217100143
0.0 0.1177329570055008
0.0 0.11778735369443893
0.0 0.11828135699033737
0.0 0.11836773157119751
0.0 0.11839468032121658
0.0 0.11847054213285446
0.0 0.11852244287729263
0.0 0.1186588779091835
0.0 0.11869405955076218
0.0 0.11883450299501419
0.0 0.11886265128850937
0.0 0.11896739155054092
0.0 0.11935292184352875
0.0 0.11939568817615509
0.0 0.11961948126554489
0.0 0.11962027102708817
0.0 0.11965087056159973
0.0 0.11993840336799622
0.0 0.12001616507768631
0.0 0.12054028362035751
0.0 0.12061301618814468
0.0 0.12066975235939026
0.0 0.1206861212849617
0.0 0.12121818959712982
0.0 0.12147172540426254
0.0 0.12165684998035431
0.0 0.12180484086275101
0.0 0.12185019254684448
0.0 0.12188543379306793
0.0 0.12199508398771286
0.0 0.12210024893283844
0.0 0.12222418189048767
0.0 0.12264987081289291
0.0 0.12281473726034164
0.0 0.1230696514248848
0.0 0.12310166656970978
0.0 0.12311527132987976
0.0 0.12322313338518143
0.0 0.12333981692790985
0.0 0.12335667759180069
0.0 0.12347651273012161
0.0 0.1235419362783432
0.0 0.12369640171527863
0.0 0.12387340515851974
0.0 0.12388014048337936
0.0 0.1239723339676857
0.0 0.12424648553133011
0.0 0.12452533841133118
0.0 0.12463105469942093
0.0 0.12481233477592468
0.0 0.12481570243835449
0.0 0.12513583898544312
0.0 0.12523357570171356
0.0 0.12529732286930084
0.0 0.12540936470031738
0.0 0.12554489076137543
0.0 0.12555433809757233
0.0 0.12569856643676758
0.0 0.1257724165916443
0.0 0.12656515836715698
0.0 0.1267397701740265
0.0 0.12677223980426788
0.0 0.12696830928325653
0.0 0.12742425501346588
0.0 0.12766742706298828
0.0 0.12788048386573792
0.0 0.1278853714466095
0.0 0.12794294953346252
0.0 0.12795390188694
0.0 0.1282104104757309
0.0 0.1282317042350769
0.0 0.1283167600631714
0.0 0.12835025787353516
0.0 0.12843577563762665
0.0 0.12891854345798492
0.0 0.12895406782627106
0.0 0.12898372113704681
0.0 0.12939339876174927
0.0 0.12961365282535553
0.0 0.12994302809238434
0.0 0.13015103340148926
0.0 0.13093559443950653
0.0 0.13099320232868195
0.0 0.13113169372081757
0.0 0.13115346431732178
0.0 0.13144081830978394
0.0 0.13172824680805206
0.0 0.13196362555027008
0.0 0.13279570639133453
0.0 0.1331808865070343
0.0 0.13319027423858643
0.0 0.13351187109947205
0.0 0.13389503955841064
0.0 0.13394637405872345
0.0 0.1341736912727356
0.0 0.13457967340946198
0.0 0.13557539880275726
0.0 0.13726529479026794
0.0 0.13727137446403503
0.0 0.13776636123657227
0.0 0.13948677480220795
0.0 0.1399253010749817
0.0 0.14015552401542664
0.0 0.14237552881240845
0.0 0.14623135328292847
0.0 0.1472417712211609
