3.3272490265058763
3.3264577965085924
3.32742683081494
3.326237182430087
3.3281426091747335
3.3287631972316447
3.3278266017227827
3.326918972996993
3.3291118084502935
3.3281604455515064
3.3282526540295625
3.327131600877645
3.3284464247799894
3.326979291642157
3.326907855238622
3.3266091089115974
3.329223283331771
3.3276822946194478
3.2890174511788564
3.2496276927302272
3.198714194761298
3.142162163024749
3.0824825644914178
2.9065979966113322
2.788724288136964
2.6035778676808206
2.4073017286808795
2.1071649663737175
1.8775789976754935
1.512809700482016
1.0962610150583203
0.6295122074291064
0.0
0.6142888888420543
1.1338467016599174
1.485616124834778
1.8382110759852464
2.1400349931082663
2.424135586381844
2.672088266360507
2.8424730467251793
3.051759878397346
3.2043689727565505
3.330437539266969
3.4026409352294746
3.4890395454590157
3.547103139149309
3.562525903586484
3.544442511026584
3.5230552825016694
3.47803350975214
3.3691396856328013
3.2564083588837183
3.1196694076382223
2.9661575139400114
2.7567257945114028
2.534370493281104
2.288329862007646
2.0191459787733086
1.7018702809394026
1.3781631838923396
1.0183863985759019
0.6676270518566878
0.5199400425673228
0.7882811100151844
1.184321932014572
1.5762839788627316
1.9073498327251415
2.192546709154421
2.376843550480278
2.6262761338729947
2.7635660837103146
2.911550410533318
2.9933563522806153
3.1387981808898933
3.2015769621558725
3.231686906554142
3.2818619267486278
3.3080063170178824
3.314544972030385
3.320979859279588
3.329307145394243
3.331677584437776
3.329902444324868
3.330155274477509
3.329968775413234
3.3297782348432907
3.329139185861953
3.3291574339803884
3.3293047713165245
3.32884525608814
3.3287095674340743
3.3288310462931663
3.3281085975040128
3.329111683055853
3.3309036468749733
