2.3024378071265867
2.302683848349678
2.302604036341015
2.302308592821385
2.302708550456312
2.302038914107174
2.3027133432631866
2.301625004326411
2.3014414416417197
2.3008392064841274
2.300344435781447
2.2992415898451233
2.29921982054243
2.2980867728199352
2.2981151081326234
2.297120048588297
2.2972657887733816
2.296969096236257
2.2968305719772335
2.2974713058290317
2.2977017027053552
2.286948843928347
2.2870130576130374
2.1249119681144997
2.108244435409159
2.097803457524708
1.9554241670573094
1.9495530325196584
1.9121432612057432
1.9123947121349856
1.9064175623158228
1.9238575851711883
1.938008756040588
1.9446448371010254
1.9820532528398465
2.023691533699869
2.032626453474176
1.7189221435797253
1.63568425757838
1.5913679584498273
1.5367146764295656
1.3884106228421327
1.033244966656274
1.0005806305829044
0.9064819431593739
0.839425664084562
0.7562006364711547
0.6079613256859175
0.0
0.4305799309281732
0.6730890164483702
0.6977286490790657
1.136699761357853
1.148068597604101
1.349950086423025
1.3807213403544538
1.624447496653531
1.6242599567082818
1.8241232329628092
1.825882166953888
1.8462838250309208
1.8708390730498132
1.8928202529952614
1.9939632142532502
2.007091983914938
2.060396998306557
2.067594477825028
2.1177733487584827
2.1251998225266258
2.17697029475327
2.1989389003975095
2.246125104227068
2.2454719294495913
2.2869937202732538
2.289900408599078
2.297402466384669
2.2978841895517883
2.301498881970086
2.3015724357406953
2.3019356517531393
2.29953485151469
2.2986582468699797
2.298265604286579
2.2982005869267064
2.296557870067858
2.296852839397758
2.2969423313340194
2.2969984686525207
2.2969679874478457
2.297133751641783
2.297342589467699
2.298075798960483
2.29816718676824
2.298848698390637
2.298732922075747
2.298956423976725
