0.044670428150364046
0.0
0.040534763659812685
0.04355776571922838
0.051349310516348674
0.051079540145179445
0.05748536379941644
0.05627778567279808
0.06621145516953199
0.059982753898458356
0.0669228746033078
0.07738065824012903
0.07666968897040398
0.08428959177500808
0.08621664880711226
0.09601771149401199
0.10633234643321024
0.11716446552398477
0.12185658283770652
0.140650655382929
0.1438673103540035
0.3981350479158312
0.3984889896052327
0.6685067438042145
0.807390071831175
0.8378152646647901
0.9218594416677383
0.9408796022200229
1.0667855069284238
1.0836412435962872
1.22191564873815
1.2718854663236525
1.4283321032626572
1.450222142302051
1.5954277299787905
1.720773078399776
1.766365844970846
2.110247537445469
2.1790378536456725
2.42876445612724
2.4763554718825924
2.4013836292475386
2.344749771578895
2.3709466265863957
2.3908067345211728
2.357620549375223
2.3951529763964228
2.3927325852530124
2.3026838483496785
2.379640319079557
2.300913842775339
2.316346632150739
2.051782283418018
2.0398707345217617
1.851913477333543
1.8432267751928202
1.6460273771217775
1.6533959275203942
1.548971881549658
1.4899970671611447
1.4538159492006149
1.3943158710622958
1.361990858712214
1.2773881530974596
1.2426527771887963
1.1303878139041432
1.1123472333030278
0.9889447498001446
0.9625661962177207
0.8243369275708243
0.7881403104748027
0.6610328996838137
0.6517799147991333
0.4687850937264716
0.46245017328153176
0.37327405316348866
0.3698580874997678
0.2427256262159141
0.23559290938466038
0.22432991358923218
0.18498625864873672
0.17182486004333195
0.14058856815946286
0.12807365017621072
0.11195244877404158
0.0972322162298539
0.09662435812566644
0.09616834628078114
0.09798387026407515
0.09255485914545718
0.09205512938626408
0.08859386255298678
0.0891572892615115
0.0837380800100526
0.08880531539510712
0.08102305455884101
