1.4270845065050433
1.4291877777409538
1.4284040469460089
1.4273426191973173
1.4285692367744918
1.4288472640740566
1.4291125750551266
1.427191530668409
1.426634222645424
1.4264725825684565
1.4258206724682632
1.42498131298384
1.4255689313930082
1.4229409067361534
1.4225049624112385
1.4213423522606343
1.4203789629579966
1.419205393732731
1.419914214508754
1.4167567868807571
1.4163090431024132
1.367851705795138
1.3661121790621344
1.2183593729041327
1.174731276626019
1.1023325951204195
1.085944383254722
1.0528010823676803
0.9088851186936607
0.9074238691255619
0.6550678739810549
0.573530680099729
0.0
0.25800875062253154
0.632976328075097
0.8683279135109354
0.9478700373928364
1.3547196258289564
1.4170417042874295
1.78374188544119
1.8825851560458808
1.9179528084058504
1.8546794071110093
1.9287237780815434
1.9582437358167541
1.957952237189539
2.0358008391752724
1.9079138460277878
1.9377812262468994
1.9132554705494036
1.9612010961800215
1.9750001548478855
1.9320416069686532
1.931844036007913
1.8603051185078392
1.8513342336579097
1.8805053103149292
1.8873683303438489
1.88957836871851
1.8406360716504369
1.8095366265951738
1.799219771311429
1.7751554457775445
1.7467176915183047
1.7210944716816996
1.6538859133027823
1.642592062902043
1.6127527180359242
1.5961041612536295
1.5305016104863731
1.5061563531856623
1.45060696877931
1.4468602103318031
1.4017331794926438
1.4028365337184157
1.3772950830785926
1.3775977078163093
1.421690250207006
1.4217036981501792
1.4233328123342541
1.4197065024327336
1.4192789490350282
1.419379247613752
1.42095655390396
1.4191039419278788
1.4205675535992595
1.4201263186207405
1.4204441805108212
1.4209453130312457
1.4217299163667112
1.4212316342160887
1.4240222466552994
1.4236523461576271
1.4245642320832361
1.4249022082012437
1.425392239720186
