0.010650666938951807
0.0
0.013396263003140974
0.012628037412355667
0.01846201662978595
0.018918851015695803
0.029315910798911687
0.02698915667476003
0.03472139465163674
0.03598132696251337
0.03865010692931812
0.036741608060892
0.03537751058187846
0.029611407684327382
0.030438248860931782
0.030387344595448604
0.03594068576204546
0.04099386136638697
0.44627504833896814
0.6233524415987266
0.7964547193460007
0.9503971482305167
1.0866755737688465
1.4072797634298557
1.5761355106026071
1.7961206864775288
2.0042232091644547
2.2740358341398736
2.44483710335251
2.6769425053157088
2.929693990552243
3.1225527639829154
3.3277652300529303
3.5219069963021283
3.7754500548892747
3.920449160840652
4.101633619626936
4.262222828439552
4.429088109663559
4.578481833632449
4.6795268515438915
4.811415038649281
4.91253615972035
4.992174661607761
5.0415604294389045
5.0986957344067125
5.138486347423969
5.147876291823157
5.137418165254233
5.121197499283644
5.090660852777719
5.01609104043661
4.938435568834784
4.847125727282722
4.746191797969261
4.614601694431477
4.47773244727901
4.329462012706002
4.171591344502489
3.9602603696388012
3.794966885148785
3.615034990722961
3.4418439912269405
3.2055833394341664
2.9990974550513756
2.81460371585782
2.607080451357452
2.388380844436205
2.182201299338428
2.0281721801431067
1.7744195926457547
1.6118651651131692
1.4010639688140971
1.2666808828302303
0.9641407061124501
0.79927758771348
0.6951191134568643
0.49212907699405384
0.33547632011713524
0.28246235214983045
0.23115988635392534
0.09608386312367374
0.08270138280847075
0.07962865635227001
0.07833391605442075
0.07722355857436788
0.07228689863303975
0.06833235654618598
0.06347394641442959
0.059805480705471106
0.05494809223871994
0.054874504037149524
0.05817865809050286
0.062453838850995445
0.0644823997297811
0.06883823380419554
