5.136037179804305
5.135567076547706
5.135759827511961
5.1357490686744365
5.135959764890789
5.135748321285111
5.136086409503579
5.136042158357868
5.136824640526637
5.136324312789351
5.1364745521097035
5.136050682559088
5.136039567801056
5.135830326219744
5.135957606517512
5.1362655872747105
5.136529310357364
5.137383230510296
5.111486634938559
5.085934582434929
5.053963143357158
5.019025432004073
4.980827525767371
4.873506641367681
4.802391505566042
4.698549760748603
4.585668179201346
4.423018266342752
4.306791508993518
4.131825415783747
3.9406333826699678
3.749585491463985
3.5447718262831995
3.342797930455706
3.106484321223849
2.8996312181206396
2.6695553129107794
2.438726732535203
2.192249312931571
1.936794512715708
1.69742893277985
1.3881458293902624
1.0592524267373038
0.6815305057068813
0.48262370558399575
0.24234999040599658
0.14129776679836456
0.15391907093261575
0.0
0.1198417860000647
0.2940339719641144
0.585739353469915
0.8462125967713136
1.1555364212912977
1.4401023774765407
1.744882776993272
2.0224634238275887
2.2849916670319694
2.5279413817555523
2.7747493210460594
3.003419110857842
3.2241889301412865
3.4363926708194397
3.6541636713482326
3.855150888758942
4.017716024354166
4.192662540266145
4.355240994365423
4.4940776505171565
4.58911471565425
4.727075008939738
4.801036149374238
4.886731544685013
4.932719347244214
5.021704803196234
5.058342340513509
5.076278619212888
5.107415763164482
5.124542985231182
5.127799245972201
5.13085986172594
5.136873250326963
5.137664700610399
5.137496151381908
5.1376360176612685
5.137042582312849
5.136891785439016
5.136392935089552
5.136756965201623
5.136285119047686
5.1362145504245555
5.136569903433716
5.13672964776774
5.137095049014624
5.136664433841024
5.13723467044158
